1.000000,4430.256302,4088.205028,4206.153743,4076.922977,4650.256297,4028.205030,3979.487082,4299.487074,4607.179375,4179.487077,4482.563993,3987.179390,4525.640915,4315.384510,
2.000000,4425.640917,4090.769131,4203.589641,4076.922977,4642.563989,4026.153748,3979.999903,4304.102459,4617.435785,4179.487077,4483.076813,3985.640928,4533.846043,4314.358869,
3.000000,4419.487071,4083.076823,4198.461436,4063.076824,4637.948605,4019.487081,3969.230672,4292.307587,4610.769118,4175.897334,4479.487070,3986.666569,4532.307581,4310.256305,
4.000000,4428.717840,4086.666567,4208.717846,4070.769131,4650.769117,4020.512722,3971.794775,4286.666562,4597.948606,4176.922975,4483.076813,3999.999902,4533.846043,4319.999894,
5.000000,4427.692199,4077.948618,4203.589641,4073.846054,4641.538348,4013.333235,3968.205031,4282.563998,4588.205016,4157.948616,4473.333224,3993.846056,4526.666556,4316.922971,
6.000000,4423.076815,4072.820413,4192.820410,4064.102465,4632.307579,4010.769133,3962.564006,4283.589639,4589.230657,4150.769129,4468.205019,3982.564005,4518.461428,4308.205023,
7.000000,4435.384507,4087.692208,4199.999897,4067.692208,4645.640912,4021.538363,3974.358877,4297.435792,4600.512708,4168.717847,4477.948608,3990.769133,4523.589633,4320.512715,
8.000000,4434.871686,4079.999900,4203.589641,4069.743490,4651.281938,4023.589645,3978.461441,4298.461433,4601.025529,4166.666565,4471.281942,3991.794774,4523.076812,4324.102458,
9.000000,4439.487071,4081.025541,4211.794769,4075.897336,4652.820399,4027.179389,3979.999903,4297.948613,4607.692195,4175.384513,4479.999890,3994.358877,4533.333222,4325.640920,
10.000000,4440.512712,4088.205028,4213.846051,4073.333234,4634.871682,4025.128107,3976.922980,4293.846049,4608.205016,4182.564000,4489.743480,3993.333236,4535.384504,4324.102458,
11.000000,4417.435789,4067.179388,4197.948615,4054.871696,4616.922964,4014.358876,3960.512724,4282.563998,4591.281939,4155.897334,4464.615275,3978.974262,4515.897325,4307.692202,
12.000000,4418.461430,4067.179388,4201.538359,4061.538362,4649.230656,4017.435799,3965.128108,4294.358869,4603.076811,4163.076821,4469.230660,3986.666569,4525.128094,4312.307587,
13.000000,4430.769122,4083.076823,4209.230666,4070.769131,4656.410143,4016.410158,3971.794775,4295.384510,4614.358862,4184.615282,4485.640916,3997.948620,4536.410145,4321.025535,
14.000000,4419.487071,4072.307593,4197.948615,4055.384516,4622.563990,4006.666569,3959.999903,4274.358870,4588.205016,4157.435796,4467.179378,3991.281954,4517.948607,4308.205023,
15.000000,4409.230661,4063.589644,4189.230667,4049.230670,4619.999887,4007.179389,3957.435801,4277.435793,4576.922965,4137.435796,4452.307583,3987.179390,4508.205018,4302.051177,
16.000000,4421.538353,4079.999900,4197.435795,4066.153747,4640.512707,4016.410158,3970.256313,4296.922972,4601.538349,4163.076821,4465.128096,3993.333236,4518.461428,4312.820407,
17.000000,4435.384507,4090.769131,4208.205025,4078.461439,4646.666553,4024.615286,3978.974262,4297.435792,4613.846041,4182.564000,4478.461429,3999.999902,4526.153735,4318.461433,
18.000000,4424.102456,4074.871695,4204.102461,4068.205029,4629.230656,4021.025543,3972.307595,4283.076818,4596.410144,4164.102462,4468.205019,3993.846056,4515.384505,4308.205023,
19.000000,4422.563994,4072.307593,4206.153743,4067.179388,4630.256297,4022.051184,3978.974262,4291.794767,4601.538349,4165.128103,4473.846044,3997.948620,4521.025530,4313.846048,
20.000000,4430.256302,4079.487080,4211.281948,4068.717849,4649.743476,4024.615286,3981.538364,4303.076818,4615.897323,4184.615282,4490.256300,4006.666569,4537.435786,4324.615279,
21.000000,4432.820404,4082.051182,4211.794769,4071.281952,4653.333220,4024.615286,3975.897339,4296.410151,4608.717836,4186.153744,4485.128095,4011.281953,4540.512709,4323.076817,
22.000000,4446.153737,4094.871695,4223.076820,4090.769131,4655.384502,4033.846055,3986.153749,4297.435792,4613.333221,4187.692205,4488.205018,4023.589645,4548.717837,4330.769125,
23.000000,4436.410148,4088.205028,4214.358871,4079.487080,4647.692194,4025.128107,3978.461441,4290.256305,4604.102452,4170.256308,4486.153736,4013.333235,4536.410145,4326.153740,
24.000000,4426.153738,4082.564003,4204.615282,4061.025542,4645.128092,4016.922979,3972.307595,4288.717844,4597.948606,4164.102462,4481.538352,4004.102466,4530.256299,4320.512715,
25.000000,4430.256302,4083.589644,4208.205025,4066.666567,4636.922964,4019.487081,3978.974262,4297.435792,4608.717836,4176.410154,4476.410147,4013.333235,4539.487068,4322.051176,
26.000000,4431.794763,4075.897336,4208.717846,4069.743490,4628.717836,4020.512722,3977.948621,4297.948613,4604.102452,4172.307590,4473.333224,4017.435799,4531.794761,4321.025535,
27.000000,4442.563994,4084.615285,4217.948615,4077.948618,4654.871681,4031.794773,3983.076826,4299.999895,4609.230657,4179.487077,4487.179377,4023.076825,4531.794761,4333.333227,
28.000000,4433.846045,4078.461439,4210.256307,4073.846054,4650.769117,4028.717850,3976.922980,4287.692203,4606.666554,4172.820411,4478.974249,4016.922979,4526.666556,4323.589638,
29.000000,4423.076815,4064.615285,4200.512718,4060.512721,4622.563990,4016.922979,3966.153749,4281.538357,4595.384503,4159.487078,4465.640916,4010.769133,4519.999889,4311.794766,
30.000000,4435.384507,4072.820413,4212.820410,4065.640926,4642.563989,4018.461440,3972.820416,4297.435792,4605.128093,4173.333231,4477.948608,4022.564004,4527.179376,4327.179381,
31.000000,4426.666558,4066.153747,4210.769128,4066.666567,4657.435784,4019.487081,3974.358877,4295.384510,4603.589631,4172.820411,4472.307583,4022.564004,4519.487069,4319.487074,
32.000000,4417.435789,4063.076824,4204.102461,4066.153747,4642.051169,4027.692209,3977.435800,4289.230664,4596.410144,4166.666565,4466.153737,4021.025543,4516.922966,4308.717843,
33.000000,4433.333225,4083.589644,4211.281948,4072.307593,4645.640912,4033.846055,3984.102467,4297.435792,4605.640913,4182.051180,4481.025531,4029.230671,4530.769120,4321.025535,
34.000000,4436.922968,4086.666567,4212.307589,4070.769131,4653.846040,4022.051184,3978.461441,4296.410151,4606.153734,4182.564000,4481.025531,4031.281953,4529.743479,4323.076817,
35.000000,4442.051173,4083.589644,4215.897333,4074.358875,4650.256297,4022.564004,3981.025544,4295.384510,4603.076811,4166.666565,4474.358865,4037.435799,4532.307581,4328.205022,
36.000000,4452.307583,4085.128105,4222.563999,4077.948618,4649.230656,4030.256312,3985.640928,4292.820408,4599.487067,4161.538360,4475.897326,4047.179388,4538.461427,4339.487073,
37.000000,4451.281942,4085.128105,4223.076820,4078.461439,4651.281938,4027.692209,3983.076826,4286.666562,4593.846042,4168.205026,4479.487070,4048.717850,4533.846043,4339.487073,
38.000000,4451.794763,4088.717849,4222.051179,4079.487080,4636.410143,4022.051184,3979.999903,4289.230664,4593.846042,4170.769129,4484.615275,4046.153747,4538.461427,4339.999894,
39.000000,4460.512711,4094.358874,4224.102461,4082.051182,4628.205015,4022.051184,3975.897339,4294.871690,4601.538349,4175.384513,4496.410146,4050.256311,4559.999888,4351.794765,
40.000000,4471.794762,4105.128105,4230.769127,4092.820413,4655.897322,4024.615286,3973.846057,4295.897331,4614.871682,4196.410154,4511.794761,4057.948619,4577.948606,4367.179380,
41.000000,4472.820403,4105.128105,4228.205025,4086.153746,4665.640912,4016.410158,3964.615288,4283.589639,4604.615272,4189.743487,4504.102454,4051.281952,4573.846042,4366.153739,
42.000000,4483.589634,4108.205028,4234.358871,4084.102464,4651.794758,4016.922979,3966.666570,4284.615280,4591.281939,4172.820411,4503.589633,4052.820414,4584.615273,4372.820406,
43.000000,4498.974249,4118.461438,4244.102460,4093.333233,4646.666553,4021.025543,3974.358877,4294.358869,4596.410144,4186.666564,4514.871684,4066.153747,4602.051170,4388.205021,
44.000000,4508.717838,4130.769130,4246.666563,4101.025541,4656.410143,4021.538363,3979.999903,4294.871690,4600.512708,4196.922974,4518.974248,4074.871695,4605.128093,4395.384508,
45.000000,4523.589633,4147.692206,4251.794768,4110.256310,4657.948604,4028.205030,3989.230672,4296.410151,4599.487067,4184.102462,4527.179376,4076.922977,4616.922964,4401.538354,
46.000000,4512.820402,4135.384514,4237.435794,4097.948618,4625.128092,4017.948620,3975.384518,4285.128100,4583.589632,4165.640924,4513.846043,4058.974260,4612.820400,4393.333226,
47.000000,4519.487069,4139.487078,4241.025537,4103.076823,4641.538348,4016.410158,3974.358877,4293.846049,4597.435785,4189.230667,4513.846043,4062.564003,4618.461426,4404.615277,
48.000000,4541.025530,4157.948616,4259.999896,4122.564002,4681.538347,4023.589645,3985.128108,4311.794766,4621.538349,4209.230666,4540.512709,4085.128105,4634.358861,4419.487071,
49.000000,4517.435787,4135.384514,4246.666563,4107.179387,4646.666553,4013.846056,3971.281954,4293.333228,4604.615272,4186.153744,4529.230658,4077.948618,4608.717836,4395.384508,
50.000000,4502.051172,4126.153745,4241.538358,4100.512720,4631.794759,4021.538363,3974.358877,4286.666562,4605.640913,4192.820410,4516.922966,4075.384516,4595.897324,4386.153739,
51.000000,4506.666556,4132.820412,4249.230665,4104.615284,4668.205014,4025.640927,3983.076826,4298.461433,4620.512708,4206.666564,4532.307581,4084.102464,4607.692195,4389.230662,
52.000000,4499.487069,4123.076822,4245.640922,4099.999900,4666.153732,4015.384517,3974.358877,4293.846049,4608.717836,4194.871692,4527.692197,4079.999900,4598.974247,4376.410149,
53.000000,4498.461428,4124.615284,4248.205024,4104.615284,4652.307579,4023.076825,3978.461441,4287.179382,4601.538349,4197.435795,4510.256300,4077.435798,4591.794760,4377.435790,
54.000000,4486.153736,4116.410156,4245.128101,4095.897336,4659.999886,4026.153748,3975.384518,4284.102459,4598.974247,4183.589641,4502.563992,4071.794772,4575.384504,4370.769124,
55.000000,4472.820403,4101.538361,4233.846050,4085.128105,4669.230655,4023.076825,3970.256313,4290.256305,4600.512708,4169.230667,4505.128095,4070.256311,4554.871683,4358.974252,
56.000000,4476.922967,4107.692207,4232.820409,4094.871695,4668.205014,4028.205030,3978.461441,4299.487074,4609.230657,4187.692205,4503.589633,4075.384516,4558.461427,4362.051175,
57.000000,4468.205019,4103.076823,4228.205025,4088.717849,4652.820399,4023.076825,3972.820416,4289.743485,4601.025529,4185.640923,4488.205018,4068.717849,4558.461427,4353.333227,
58.000000,4460.512711,4091.794772,4227.692204,4082.564003,4655.897322,4019.487081,3972.820416,4287.692203,4596.410144,4170.769129,4490.769121,4069.230670,4549.743478,4347.692201,
59.000000,4459.999891,4083.076823,4230.256307,4090.769131,4650.769117,4017.435799,3973.846057,4290.256305,4599.487067,4167.179385,4494.871685,4071.794772,4538.974248,4345.640919,
60.000000,4456.410147,4078.974259,4228.205025,4090.256310,4633.846041,4015.897338,3969.743493,4282.563998,4596.410144,4171.794770,4491.281941,4070.256311,4539.487068,4342.051176,
61.000000,4455.897327,4083.589644,4228.717845,4082.564003,4650.769117,4023.589645,3979.999903,4287.179382,4602.051170,4174.871693,4494.358864,4075.384516,4545.640914,4345.640919,
62.000000,4450.256301,4079.999900,4228.717845,4077.435798,4672.820399,4027.692209,3988.205031,4302.051177,4612.820400,4174.871693,4494.871685,4079.487080,4541.538350,4342.051176,
63.000000,4444.615276,4078.974259,4229.230666,4079.999900,4658.974245,4027.692209,3987.179390,4305.128100,4617.948605,4187.179385,4495.897326,4079.999900,4544.102453,4333.333227,
64.000000,4436.410148,4078.974259,4218.461435,4072.307593,4636.410143,4024.102466,3981.025544,4285.640921,4601.538349,4182.564000,4484.615275,4069.743490,4537.948607,4321.538356,
65.000000,4440.512712,4087.179387,4214.871692,4072.820413,4658.974245,4029.743491,3983.589646,4285.128100,4599.487067,4163.076821,4479.487070,4065.640926,4531.794761,4324.102458,
66.000000,4447.179378,4088.717849,4220.512717,4077.948618,4667.692194,4029.230671,3982.051185,4299.999895,4611.281939,4161.025539,4484.102454,4069.230670,4532.307581,4330.256304,
67.000000,4447.179378,4082.564003,4224.615281,4076.922977,4644.615271,4023.589645,3979.999903,4296.922972,4607.179375,4175.384513,4486.153736,4072.307593,4532.820402,4330.256304,
68.000000,4452.307583,4088.205028,4228.205025,4085.128105,4653.846040,4030.769132,3987.692210,4292.820408,4604.615272,4178.974257,4491.281941,4073.846054,4535.897325,4334.358868,
69.000000,4436.410148,4074.871695,4209.230666,4070.256311,4658.974245,4030.256312,3979.999903,4288.717844,4601.025529,4154.871693,4473.846044,4059.999901,4517.435787,4320.512715,
70.000000,4435.897327,4076.410157,4205.128102,4070.256311,4653.333220,4034.871696,3988.717851,4301.538356,4611.794759,4162.051180,4473.333224,4057.435798,4516.410146,4319.487074,
71.000000,4447.692199,4086.666567,4215.897333,4089.230669,4647.179374,4032.307594,3993.846056,4309.230664,4618.974246,4181.025539,4488.205018,4059.999901,4524.102453,4326.666561,
72.000000,4434.358866,4074.871695,4211.281948,4077.435798,4643.589630,4018.974261,3974.871698,4292.307587,4599.487067,4163.076821,4475.897326,4051.794773,4509.743479,4316.410151,
73.000000,4437.435789,4083.589644,4219.487076,4072.820413,4651.281938,4025.640927,3980.512723,4293.846049,4600.512708,4163.076821,4474.871685,4058.461439,4516.410146,4321.538356,
74.000000,4441.538353,4081.538362,4218.974256,4071.794772,4632.307579,4021.025543,3985.128108,4299.487074,4607.179375,4170.256308,4477.948608,4058.974260,4517.435787,4320.512715,
75.000000,4442.051173,4071.281952,4213.333230,4072.820413,4631.794759,4017.435799,3982.051185,4295.384510,4605.640913,4166.666565,4479.999890,4059.487080,4515.384505,4316.410151,
76.000000,4450.769122,4083.589644,4222.563999,4082.051182,4667.179373,4033.846055,3990.256313,4292.307587,4607.692195,4175.897334,4485.640916,4069.743490,4533.333222,4328.205022,
77.000000,4433.846045,4075.384516,4213.333230,4068.205029,4649.743476,4027.179389,3981.025544,4282.051177,4591.281939,4164.102462,4469.230660,4058.461439,4517.948607,4317.435792,
78.000000,4428.717840,4071.794772,4207.179384,4067.179388,4633.333220,4031.281953,3987.692210,4291.794767,4596.922965,4161.538360,4469.743480,4058.461439,4508.717838,4313.333228,
79.000000,4449.230660,4093.846054,4219.999897,4089.230669,4659.487066,4050.769132,4012.307594,4314.358869,4625.640913,4181.025539,4493.333223,4073.846054,4536.410145,4330.769125,
80.000000,4438.974250,4079.487080,4212.307589,4078.974259,4642.051169,4028.717850,3994.358877,4304.102459,4612.820400,4164.615283,4483.589634,4063.076824,4532.307581,4321.538356,
81.000000,4431.794763,4067.179388,4207.179384,4069.230670,4629.230656,4015.897338,3981.025544,4297.948613,4601.025529,4157.948616,4473.846044,4058.461439,4518.974248,4317.435792,
82.000000,4436.410148,4073.846054,4212.820410,4076.410157,4645.640912,4031.281953,3989.743492,4294.358869,4600.512708,4162.051180,4477.435788,4060.512721,4517.948607,4321.538356,
83.000000,4430.769122,4068.717849,4208.205025,4073.333234,4639.999887,4029.230671,3985.128108,4285.640921,4592.307580,4148.717847,4473.333224,4056.410157,4511.794761,4312.820407,
84.000000,4438.461430,4076.922977,4212.820410,4074.358875,4646.153733,4024.102466,3987.179390,4304.102459,4609.743477,4167.179385,4486.666557,4067.179388,4524.102453,4322.051176,
85.000000,4443.076814,4085.128105,4218.461435,4075.384516,4657.948604,4028.717850,3993.333236,4315.897330,4622.051169,4190.769128,4491.281941,4074.358875,4528.717838,4328.205022,
86.000000,4437.948609,4075.384516,4215.384512,4068.717849,4639.487066,4030.256312,3992.307595,4307.692202,4610.769118,4179.999898,4474.358865,4068.717849,4515.897325,4316.922971,
87.000000,4434.871686,4060.512721,4208.717846,4058.974260,4618.974246,4022.564004,3989.230672,4303.076818,4604.615272,4164.102462,4469.743480,4063.589644,4507.692197,4309.230664,
88.000000,4435.897327,4066.153747,4212.307589,4063.589644,4641.025528,4025.640927,3993.846056,4307.179382,4609.743477,4169.743488,4482.563993,4064.102465,4513.846043,4316.922971,
89.000000,4435.897327,4075.384516,4214.871692,4074.871695,4662.563989,4031.794773,3994.871697,4301.025536,4607.179375,4167.179385,4482.563993,4062.051183,4519.999889,4318.461433,
90.000000,4430.256302,4069.230670,4207.179384,4074.871695,4650.769117,4032.820414,3990.769133,4293.333228,4596.922965,4154.358873,4470.256301,4056.410157,4513.333223,4310.769125,
91.000000,4433.846045,4073.846054,4210.256307,4072.307593,4648.205015,4038.974260,3996.410159,4301.025536,4606.153734,4165.640924,4480.512711,4064.615285,4510.769120,4316.410151,
92.000000,4429.743481,4071.794772,4209.230666,4064.102465,4653.333220,4032.307594,3993.333236,4298.974254,4611.281939,4176.922975,4481.538352,4068.205029,4512.820402,4313.333228,
93.000000,4431.794763,4067.692208,4210.769128,4073.846054,4651.794758,4032.820414,3993.333236,4298.461433,4611.794759,4177.948616,4474.358865,4069.743490,4528.205017,4312.820407,
94.000000,4421.538353,4057.435798,4205.640923,4072.307593,4629.743477,4029.743491,3985.128108,4293.333228,4597.435785,4154.871693,4464.615275,4064.102465,4514.358864,4302.051177,
95.000000,4409.230661,4055.897337,4199.999897,4056.410157,4628.717836,4025.128107,3977.435800,4288.717844,4588.717837,4147.179386,4457.948609,4065.640926,4489.230659,4293.333228,
96.000000,4435.384507,4083.589644,4220.512717,4075.384516,4667.692194,4039.999901,3999.487082,4307.692202,4616.922964,4190.769128,4482.051172,4088.717849,4524.615274,4321.025535,
97.000000,4437.435789,4077.435798,4221.538358,4074.358875,4649.743476,4028.205030,3993.846056,4301.025536,4610.769118,4184.615282,4483.076813,4084.615285,4536.922966,4325.640920,
98.000000,4431.794763,4068.717849,4214.871692,4063.589644,4620.512708,4018.974261,3983.076826,4293.333228,4598.461426,4154.358873,4475.897326,4073.333234,4522.563992,4320.512715,
99.000000,4446.666558,4081.025541,4222.563999,4077.948618,4645.128092,4035.897337,3996.410159,4307.692202,4615.897323,4173.333231,4487.179377,4077.435798,4530.256299,4330.256304,
100.000000,4441.538353,4071.794772,4218.974256,4078.974259,4656.410143,4035.897337,3992.307595,4299.999895,4612.307580,4178.461436,4473.846044,4072.307593,4523.076812,4323.589638,
101.000000,4445.640917,4081.025541,4223.589640,4084.102464,4654.871681,4035.897337,3994.871697,4294.871690,4609.743477,4172.307590,4474.871685,4081.025541,4523.589633,4328.205022,
102.000000,4451.281942,4095.384515,4226.666563,4089.743490,4658.974245,4039.487081,3998.461441,4300.512715,4614.358862,4181.538359,4492.307582,4089.743490,4531.281940,4334.358868,
103.000000,4443.589635,4086.666567,4220.512717,4084.102464,4662.563989,4035.897337,3992.307595,4301.025536,4613.333221,4182.564000,4492.820403,4084.615285,4529.230658,4322.563997,
104.000000,4441.538353,4081.538362,4218.974256,4085.128105,4666.666553,4037.948619,3993.846056,4301.025536,4617.435785,4174.871693,4484.102454,4081.025541,4526.666556,4317.948612,
105.000000,4429.230661,4071.281952,4207.692205,4074.358875,4654.871681,4033.333235,3987.692210,4289.743485,4606.153734,4162.051180,4466.666557,4074.871695,4513.846043,4310.256305,
106.000000,4431.281943,4074.871695,4212.820410,4074.871695,4657.948604,4037.948619,3992.307595,4292.307587,4604.615272,4174.358872,4474.871685,4086.666567,4523.076812,4315.897330,
107.000000,4452.307583,4092.307592,4229.743486,4090.769131,4672.307578,4046.666568,4004.102466,4308.205023,4624.102451,4197.948615,4496.410146,4104.615284,4545.640914,4333.333227,
108.000000,4444.615276,4079.487080,4217.948615,4078.974259,4648.205015,4033.846055,3989.230672,4299.999895,4611.794759,4182.564000,4481.538352,4093.333233,4529.230658,4323.076817,
109.000000,4449.230660,4081.538362,4220.512717,4089.743490,4651.794758,4038.974260,3995.384518,4303.589638,4611.281939,4180.512718,4483.076813,4093.333233,4529.743479,4327.692202,
110.000000,4458.974250,4090.769131,4229.743486,4103.076823,4674.358860,4048.205029,4006.666569,4312.820407,4627.692195,4188.205026,4496.922967,4097.948618,4541.025530,4338.974253,
111.000000,4438.974250,4071.794772,4215.897333,4077.948618,4655.897322,4032.820414,3988.717851,4297.948613,4615.384503,4168.205026,4482.563993,4088.205028,4522.563992,4325.640920,
112.000000,4454.871686,4084.615285,4227.692204,4087.179387,4658.974245,4035.384517,3998.461441,4303.589638,4621.538349,4182.051180,4493.333223,4106.153746,4542.051171,4340.512714,
113.000000,4471.794762,4099.487079,4238.974255,4105.128105,4673.333219,4042.564004,4007.179389,4306.666561,4629.743477,4200.512718,4508.717838,4118.461438,4558.461427,4352.307586,
114.000000,4454.358865,4089.230669,4227.692204,4094.871695,4668.205014,4040.512722,3992.307595,4290.769126,4617.948605,4188.205026,4499.999890,4107.179387,4536.410145,4337.948612,
115.000000,4443.076814,4084.102464,4221.025538,4085.640926,4654.358861,4035.897337,3983.076826,4283.589639,4609.743477,4172.820411,4487.179377,4101.025541,4529.743479,4325.640920,
116.000000,4448.205019,4086.666567,4221.025538,4087.692208,4656.410143,4037.435799,3987.692210,4293.333228,4614.358862,4179.487077,4483.076813,4105.640925,4547.179376,4327.692202,
117.000000,4455.897327,4095.384515,4224.615281,4095.384515,4681.538347,4050.769132,4001.538364,4309.743484,4631.794759,4202.051179,4498.974249,4111.794771,4565.128093,4342.051176,
118.000000,4441.538353,4079.487080,4213.846051,4081.538362,4666.153732,4045.128106,3998.461441,4304.102459,4623.589631,4190.769128,4493.846044,4100.512720,4547.179376,4332.820407,
119.000000,4438.461430,4066.666567,4211.794769,4076.922977,4648.717835,4039.487081,3996.410159,4298.974254,4612.820400,4181.025539,4480.512711,4098.461438,4534.358863,4325.128099,
120.000000,4454.358865,4081.538362,4228.205025,4096.410156,4669.743476,4047.179388,4002.564005,4308.717843,4624.102451,4198.461436,4494.358864,4115.384515,4549.743478,4342.051176,
121.000000,4466.666557,4096.922977,4238.974255,4111.794771,4682.563988,4050.256311,4006.153748,4321.538356,4643.589630,4216.410153,4516.410146,4130.256309,4564.615273,4356.410150,
122.000000,4464.615275,4089.230669,4233.846050,4105.128105,4668.205014,4044.102465,4000.512723,4318.461433,4644.615271,4212.820410,4511.794761,4128.205027,4558.974247,4348.205022,
123.000000,4451.794763,4077.435798,4224.102461,4089.230669,4662.051168,4039.999901,3991.794774,4296.410151,4622.563990,4187.179385,4493.846044,4117.948617,4549.230658,4334.871689,
124.000000,4454.358865,4089.743490,4228.717845,4098.974259,4671.281937,4045.640927,3995.384518,4287.692203,4613.333221,4179.487077,4496.410146,4119.999899,4558.974247,4337.948612,
125.000000,4453.846045,4089.743490,4223.076820,4103.589643,4665.640912,4042.564004,3989.230672,4290.769126,4607.179375,4182.051180,4486.666557,4116.922976,4548.205017,4332.820407,
126.000000,4469.230660,4102.051182,4229.743486,4111.281951,4685.640911,4050.256311,3998.974261,4307.692202,4618.974246,4196.922974,4489.230659,4125.640925,4549.230658,4345.128099,
127.000000,4481.025531,4113.846053,4238.974255,4114.871694,4702.051167,4052.820414,4012.820415,4312.307587,4630.256297,4205.640923,4504.615274,4135.384514,4561.538350,4360.512714,
128.000000,4457.948609,4086.666567,4224.615281,4096.410156,4667.179373,4036.922978,3998.461441,4295.384510,4611.794759,4176.410154,4493.333223,4121.538361,4540.512709,4341.538355,
129.000000,4464.615275,4092.307592,4232.820409,4108.205028,4672.307578,4048.717850,4005.640928,4312.820407,4628.717836,4181.538359,4501.538351,4128.205027,4552.307581,4346.153740,
130.000000,4469.230660,4099.999900,4234.871691,4108.717848,4689.743475,4052.820414,4006.666569,4318.974253,4645.128092,4209.743487,4503.589633,4135.384514,4563.076811,4348.205022,
131.000000,4451.281942,4084.102464,4222.563999,4095.897336,4673.846040,4045.128106,3995.897338,4300.512715,4632.307579,4214.358871,4487.692198,4129.230668,4544.615273,4334.871689,
132.000000,4458.461429,4090.256310,4232.307589,4107.179387,4674.358860,4053.846055,4004.615287,4307.179382,4637.948605,4211.281948,4499.999890,4137.948617,4553.846042,4343.076817,
133.000000,4456.922968,4085.640926,4232.307589,4099.487079,4675.897322,4042.564004,3993.333236,4298.974254,4628.205015,4194.358872,4497.948608,4137.435796,4555.384504,4339.999894,
134.000000,4452.307583,4082.051182,4225.640922,4094.358874,4681.025527,4035.897337,3986.153749,4285.640921,4612.820400,4188.205026,4489.743480,4133.333232,4544.615273,4332.307586,
135.000000,4456.410147,4084.102464,4223.076820,4099.999900,4682.051168,4044.102465,3998.974261,4301.538356,4622.563990,4186.666564,4495.897326,4133.846053,4546.666555,4334.871689,
136.000000,4446.153737,4072.820413,4215.384512,4090.769131,4665.640912,4041.538363,3999.487082,4307.692202,4622.051169,4175.897334,4483.589634,4124.102463,4541.025530,4328.717843,
137.000000,4442.563994,4075.897336,4215.897333,4093.333233,4666.666553,4043.589645,4002.564005,4299.999895,4616.410144,4187.179385,4474.358865,4124.615284,4535.384504,4327.179381,
138.000000,4445.128096,4077.948618,4220.512717,4098.974259,4670.769117,4041.025542,4003.076825,4296.922972,4615.384503,4189.743487,4481.025531,4130.769130,4533.846043,4328.205022,
139.000000,4449.230660,4074.871695,4226.153743,4096.410156,4670.256296,4037.435799,3996.922979,4300.512715,4615.897323,4182.051180,4490.769121,4137.435796,4537.948607,4333.333227,
140.000000,4457.948609,4085.640926,4233.333230,4105.128105,4675.384501,4046.666568,3998.461441,4303.076818,4620.512708,4190.256308,4495.384505,4148.717847,4549.743478,4344.102458,
141.000000,4448.205019,4083.076823,4225.640922,4104.102464,4671.281937,4044.615286,3996.410159,4301.025536,4621.025528,4189.743487,4487.179377,4148.205027,4543.589632,4337.948612,
142.000000,4443.589635,4075.897336,4226.153743,4093.846054,4673.333219,4038.461440,3999.487082,4308.717843,4627.692195,4190.256308,4491.794762,4153.333232,4544.615273,4337.948612,
143.000000,4450.256301,4077.435798,4229.230666,4091.281951,4678.974245,4039.999901,3995.897338,4311.794766,4632.307579,4199.999897,4502.051172,4161.025539,4555.384504,4341.538355,
144.000000,4446.153737,4075.384516,4222.051179,4093.333233,4675.897322,4038.974260,3984.615287,4304.615279,4627.692195,4195.897333,4499.487069,4153.846052,4549.743478,4332.820407,
145.000000,4447.692199,4079.487080,4222.051179,4099.999900,4678.461424,4043.589645,3993.333236,4302.563997,4630.769118,4192.307590,4499.999890,4149.743488,4552.820401,4337.435791,
146.000000,4446.666558,4073.846054,4216.922974,4093.846054,4672.307578,4041.025542,3993.333236,4292.307587,4622.051169,4189.743487,4487.692198,4146.666565,4550.769119,4336.410150,
147.000000,4448.205019,4069.743490,4216.922974,4092.820413,4668.717835,4036.922978,3989.230672,4292.820408,4617.948605,4194.871692,4484.615275,4148.717847,4549.230658,4334.871689,
148.000000,4457.948609,4086.153746,4229.230666,4107.179387,4670.256296,4039.487081,3996.922979,4299.999895,4621.538349,4200.512718,4503.589633,4157.435796,4561.025529,4346.153740,
149.000000,4460.512711,4090.769131,4231.794768,4107.692207,4664.102450,4036.410158,3991.794774,4291.281946,4609.743477,4193.846051,4503.076813,4158.974257,4561.025529,4349.230663,
150.000000,4468.205019,4086.153746,4235.384512,4105.640925,4675.897322,4036.922978,3987.692210,4292.307587,4611.281939,4197.948615,4498.461428,4163.076821,4564.102452,4352.307586,
151.000000,4466.666557,4086.666567,4230.769127,4102.564002,4681.025527,4035.384517,3990.769133,4296.922972,4617.435785,4189.230667,4497.435787,4159.487078,4564.615273,4346.666560,
152.000000,4465.128096,4099.487079,4224.102461,4105.640925,4671.794758,4038.974260,3997.948620,4298.974254,4617.435785,4184.615282,4499.999890,4156.410155,4567.692196,4347.692201,
153.000000,4478.974249,4107.692207,4228.205025,4111.794771,4669.230655,4039.999901,4001.025543,4301.538356,4621.025528,4204.102461,4509.230659,4162.051180,4582.563991,4358.974252,
154.000000,4487.692198,4105.640925,4233.333230,4110.256310,4667.179373,4032.307594,3995.384518,4294.871690,4617.435785,4199.999897,4511.794761,4165.640924,4593.846042,4362.051175,
155.000000,4495.384505,4118.461438,4237.435794,4118.974258,4667.179373,4032.820414,3993.333236,4291.794767,4616.922964,4188.205026,4519.999889,4168.205026,4602.051170,4369.743483,
156.000000,4494.358864,4119.999899,4231.794768,4118.974258,4661.025527,4033.333235,3989.230672,4290.256305,4614.358862,4193.333231,4520.512710,4162.051180,4594.358862,4369.230662,
157.000000,4498.461428,4119.999899,4235.897332,4120.512720,4677.948604,4042.564004,3997.948620,4299.487074,4618.461426,4198.461436,4519.487069,4166.666565,4591.794760,4367.179380,
158.000000,4503.076813,4130.769130,4247.179383,4127.179386,4693.846039,4047.692209,4006.666569,4313.333228,4627.692195,4188.205026,4522.563992,4178.461436,4595.384503,4368.205021,
159.000000,4494.358864,4131.281950,4245.128101,4121.538361,4676.410142,4037.948619,4000.512723,4312.820407,4628.205015,4192.307590,4519.487069,4177.435795,4588.205016,4365.128098,
160.000000,4495.897326,4132.820412,4243.589640,4124.102463,4679.487065,4042.051183,4001.538364,4311.281946,4630.769118,4216.410153,4520.512710,4178.461436,4588.717837,4366.666560,
161.000000,4489.743480,4123.076822,4237.435794,4117.435797,4679.999886,4041.538363,3995.384518,4299.999895,4617.435785,4204.615282,4508.717838,4175.384513,4577.948606,4357.435791,
162.000000,4488.717839,4119.487079,4238.974255,4113.846053,4670.256296,4038.974260,3995.897338,4298.461433,4613.846041,4188.717846,4512.820402,4177.435795,4569.230657,4356.922970,
163.000000,4497.435787,4122.564002,4244.102460,4122.051181,4686.666552,4043.589645,4007.179389,4309.743484,4627.179374,4195.384513,4527.692197,4180.512718,4570.769119,4364.615278,
164.000000,4490.769121,4113.333233,4239.999896,4121.025540,4696.410142,4045.128106,4002.051184,4306.153741,4621.025528,4189.230667,4511.794761,4172.307590,4563.076811,4355.897329,
165.000000,4489.230659,4121.025540,4247.692204,4128.205027,4686.666552,4051.794773,4001.538364,4305.128100,4626.153733,4196.410154,4508.205018,4175.897334,4571.281939,4356.922970,
166.000000,4481.025531,4118.461438,4248.205024,4125.128104,4673.333219,4047.692209,3999.487082,4301.025536,4627.692195,4195.897333,4516.922966,4179.999898,4562.051170,4355.897329,
167.000000,4473.333224,4109.230669,4241.025537,4119.487079,4681.025527,4047.692209,4000.512723,4298.461433,4620.512708,4178.974257,4514.871684,4177.948616,4543.589632,4350.256304,
168.000000,4476.410147,4114.358874,4243.589640,4120.512720,4690.256296,4053.333234,4006.666569,4306.666561,4628.717836,4190.256308,4511.281941,4178.974257,4553.846042,4351.281945,
169.000000,4465.128096,4103.076823,4238.461435,4106.666566,4672.307578,4038.974260,3998.461441,4305.128100,4627.692195,4199.487077,4501.538351,4175.384513,4555.897324,4341.538355,
170.000000,4461.025532,4097.435797,4238.461435,4107.692207,4662.051168,4037.435799,3999.487082,4303.589638,4626.666554,4195.384513,4505.128095,4176.410154,4553.846042,4341.025535,
171.000000,4462.051173,4101.025541,4239.487076,4115.384515,4664.615271,4042.051183,4001.538364,4304.615279,4626.153733,4186.153744,4506.666556,4176.922975,4549.230658,4343.589637,
172.000000,4464.102455,4104.102464,4239.999896,4116.410156,4676.922963,4039.487081,4002.051184,4304.615279,4626.666554,4187.179385,4503.076813,4175.897334,4547.692196,4343.076817,
173.000000,4474.358865,4109.230669,4245.128101,4119.487079,4686.666552,4046.666568,4017.948620,4303.076818,4632.820400,4200.512718,4511.281941,4179.999898,4557.435786,4350.256304,
174.000000,4459.487070,4091.794772,4231.794768,4103.589643,4670.256296,4047.692209,4016.410158,4290.769126,4622.051169,4183.589641,4504.615274,4172.820411,4542.051171,4340.512714,
175.000000,4448.205019,4084.615285,4227.179384,4099.999900,4673.846040,4048.717850,4009.743492,4298.974254,4623.076810,4176.410154,4502.563992,4174.358872,4530.256299,4333.333227,
176.000000,4456.410147,4095.897336,4239.999896,4114.871694,4689.230655,4053.333234,4013.333235,4316.922971,4640.512707,4193.333231,4511.794761,4185.640923,4539.999889,4338.461432,
177.000000,4459.999891,4099.999900,4241.538358,4117.435797,4687.179373,4050.256311,4013.846056,4315.384510,4645.640912,4195.384513,4511.281941,4188.205026,4546.666555,4338.461432,
178.000000,4465.640916,4103.589643,4239.487076,4116.922976,4685.128091,4046.666568,4013.333235,4314.358869,4645.128092,4194.358872,4510.256300,4190.256308,4554.358863,4344.102458,
179.000000,4459.999891,4093.333233,4235.897332,4107.179387,4668.717835,4038.461440,4003.589646,4309.743484,4639.487066,4191.281949,4501.025531,4182.564000,4551.281940,4343.076817,
180.000000,4460.512711,4094.358874,4239.999896,4109.743489,4672.820399,4044.102465,4004.615287,4305.128100,4642.051169,4193.333231,4504.102454,4184.102462,4555.384504,4346.153740,
181.000000,4474.358865,4113.846053,4246.666563,4124.615284,4699.487065,4054.871696,4012.820415,4307.692202,4648.205015,4197.435795,4519.999889,4198.461436,4568.717837,4356.922970,
182.000000,4471.794762,4109.743489,4242.563999,4123.076822,4690.256296,4047.179388,4002.564005,4302.051177,4636.922964,4188.717846,4516.410146,4196.410154,4559.999888,4351.281945,
183.000000,4468.205019,4101.538361,4243.076819,4123.076822,4676.922963,4046.666568,4002.051184,4299.487074,4632.820400,4192.820410,4513.333223,4189.743487,4551.794760,4346.666560,
184.000000,4461.025532,4096.410156,4238.974255,4116.922976,4682.563988,4050.256311,4007.692210,4301.538356,4633.846041,4196.922974,4510.256300,4180.512718,4545.128094,4343.076817,
185.000000,4453.846045,4092.820413,4236.410153,4111.281951,4685.128091,4047.692209,4009.743492,4306.153741,4633.333220,4186.666564,4506.666556,4181.025539,4540.512709,4339.487073,
186.000000,4452.820404,4091.794772,4238.461435,4115.897335,4672.820399,4045.640927,4008.205030,4302.051177,4630.769118,4177.948616,4505.128095,4194.871692,4545.128094,4339.999894,
187.000000,4446.153737,4085.128105,4231.281948,4108.205028,4666.666553,4044.102465,4005.128107,4290.256305,4616.922964,4175.897334,4492.820403,4196.410154,4538.974248,4331.281945,
188.000000,4450.256301,4092.307592,4236.410153,4110.769130,4691.794757,4052.307593,4018.461440,4304.615279,4629.230656,4192.307590,4494.871685,4196.410154,4543.076812,4331.794766,
189.000000,4455.384506,4099.999900,4237.948614,4119.487079,4695.897321,4054.358875,4022.051184,4319.487074,4648.205015,4197.435795,4504.102454,4196.922974,4550.256299,4335.384509,
190.000000,4453.846045,4101.538361,4230.769127,4118.974258,4679.487065,4052.820414,4012.820415,4313.333228,4639.487066,4187.692205,4501.025531,4196.410154,4549.230658,4336.410150,
191.000000,4455.384506,4103.076823,4232.307589,4117.435797,4688.717834,4056.410157,4014.358876,4310.769125,4634.358861,4185.640923,4497.435787,4199.999897,4550.256299,4337.435791,
192.000000,4447.179378,4091.281951,4230.769127,4110.769130,4688.205014,4050.769132,4010.769133,4307.179382,4634.871682,4175.384513,4494.871685,4196.922974,4541.538350,4326.153740,
193.000000,4448.205019,4092.307592,4234.358871,4114.871694,4682.051168,4052.820414,4013.846056,4309.743484,4639.487066,4179.487077,4507.179377,4202.051179,4541.025530,4326.666561,
194.000000,4446.153737,4096.922977,4232.820409,4117.435797,4679.487065,4053.333234,4015.384517,4311.794766,4637.435784,4193.846051,4506.153736,4203.589641,4538.974248,4326.666561,
195.000000,4433.846045,4091.281951,4223.076820,4111.281951,4676.410142,4045.640927,4007.692210,4306.666561,4632.820400,4190.256308,4489.743480,4193.333231,4529.230658,4313.846048,
196.000000,4441.025532,4094.871695,4228.717845,4115.384515,4691.794757,4048.205029,4006.666569,4305.128100,4635.897323,4186.666564,4502.051172,4194.871692,4539.487068,4319.487074,
197.000000,4443.589635,4088.717849,4231.794768,4109.230669,4692.307578,4046.666568,3999.487082,4298.461433,4626.153733,4181.025539,4509.743479,4197.435795,4543.589632,4323.589638,
198.000000,4443.589635,4085.640926,4228.717845,4105.640925,4682.563988,4048.717850,4005.640928,4306.153741,4627.179374,4184.615282,4503.589633,4199.999897,4540.512709,4322.051176,
199.000000,4449.743481,4090.769131,4227.692204,4109.230669,4677.948604,4049.743491,4013.846056,4312.307587,4635.897323,4191.281949,4503.589633,4204.615282,4541.025530,4325.128099,
200.000000,4448.717840,4086.153746,4229.230666,4106.153746,4668.205014,4039.487081,4002.564005,4297.948613,4624.102451,4183.589641,4502.051172,4206.666564,4535.897325,4328.205022,
201.000000,4454.871686,4087.692208,4237.948614,4113.846053,4669.230655,4043.076824,4002.564005,4297.948613,4621.025528,4181.538359,4507.179377,4210.769128,4541.025530,4335.897330,
202.000000,4453.333224,4082.564003,4232.820409,4114.358874,4668.205014,4046.153747,4004.615287,4299.999895,4621.538349,4169.743488,4502.563992,4204.615282,4538.974248,4328.205022,
203.000000,4449.230660,4080.512721,4230.769127,4111.794771,4676.922963,4047.179388,4001.538364,4295.897331,4619.487067,4168.717847,4499.487069,4204.615282,4530.769120,4322.051176,
204.000000,4453.846045,4092.307592,4239.487076,4118.461438,4694.358860,4049.230670,4001.538364,4296.410151,4625.128092,4186.153744,4512.820402,4213.846051,4535.384504,4331.794766,
205.000000,4451.281942,4092.307592,4236.922973,4118.974258,4687.692193,4041.538363,3995.384518,4295.897331,4621.538349,4179.999898,4510.769120,4212.307589,4537.948607,4329.230663,
206.000000,4449.230660,4089.743490,4235.897332,4117.948617,4674.358860,4042.051183,3997.435800,4297.435792,4618.974246,4170.256308,4501.025531,4216.410153,4537.435786,4324.615279,
207.000000,4442.051173,4081.025541,4231.281948,4107.179387,4669.230655,4043.076824,4000.512723,4295.384510,4618.461426,4173.846052,4496.410146,4219.999897,4533.333222,4320.512715,
208.000000,4442.563994,4079.999900,4226.666563,4106.153746,4672.307578,4044.615286,4002.564005,4304.102459,4624.102451,4186.153744,4503.589633,4219.487076,4538.461427,4322.051176,
209.000000,4454.871686,4093.846054,4233.846050,4119.999899,4681.025527,4049.230670,4011.281953,4319.999894,4637.435784,4197.948615,4514.871684,4222.563999,4550.256299,4334.358868,
210.000000,4448.717840,4087.692208,4234.358871,4115.897335,4672.307578,4046.666568,4009.230671,4308.717843,4631.281938,4189.743487,4509.743479,4219.999897,4539.487068,4330.769125,
211.000000,4448.717840,4082.564003,4236.922973,4113.333233,4667.179373,4051.281952,4007.692210,4298.974254,4626.153733,4183.076821,4515.384505,4225.640922,4536.410145,4330.769125,
212.000000,4452.820404,4086.666567,4236.922973,4118.974258,4676.922963,4052.820414,4007.179389,4305.128100,4628.205015,4184.615282,4519.487069,4230.256307,4545.640914,4331.281945,
213.000000,4447.179378,4085.640926,4232.307589,4118.461438,4686.153732,4045.640927,4001.025543,4305.640920,4628.205015,4191.281949,4507.692197,4228.205025,4550.256299,4325.128099,
214.000000,4453.333224,4089.743490,4240.512717,4117.948617,4687.179373,4044.102465,3998.461441,4302.563997,4631.794759,4204.615282,4509.743479,4236.922973,4555.897324,4331.794766,
215.000000,4448.205019,4080.512721,4236.410153,4108.205028,4671.281937,4039.487081,3991.281954,4291.794767,4618.974246,4188.205026,4506.153736,4233.333230,4539.999889,4326.666561,
216.000000,4440.512712,4077.435798,4228.205025,4110.256310,4675.897322,4044.615286,3997.948620,4290.769126,4617.948605,4174.871693,4502.563992,4227.179384,4535.897325,4322.563997,
217.000000,4448.717840,4089.230669,4233.846050,4121.025540,4688.205014,4049.743491,4009.230671,4299.487074,4628.205015,4191.794769,4510.256300,4234.871691,4557.435786,4332.820407,
218.000000,4450.769122,4083.589644,4234.871691,4111.794771,4667.179373,4035.384517,3998.461441,4297.948613,4617.948605,4190.256308,4505.128095,4237.435794,4547.692196,4332.307586,
219.000000,4460.512711,4089.230669,4240.512717,4118.974258,4672.820399,4042.051183,4003.076825,4310.769125,4629.230656,4192.307590,4514.358864,4245.128101,4544.615273,4339.999894,
220.000000,4466.666557,4096.922977,4241.538358,4129.230668,4694.358860,4053.333234,4012.307594,4315.384510,4644.615271,4199.999897,4524.615274,4246.666563,4558.974247,4344.102458,
221.000000,4458.461429,4090.256310,4236.410153,4122.564002,4688.205014,4046.666568,4004.615287,4296.410151,4628.717836,4191.794769,4515.384505,4242.563999,4557.948606,4336.922971,
222.000000,4468.205019,4101.538361,4246.153742,4132.820412,4688.717834,4051.281952,4004.615287,4293.846049,4625.640913,4198.461436,4522.563992,4252.307588,4565.128093,4346.153740,
223.000000,4470.769121,4107.179387,4247.692204,4132.307591,4691.794757,4051.281952,4001.025543,4299.999895,4629.743477,4202.564000,4525.640915,4253.846050,4568.205016,4348.205022,
224.000000,4456.922968,4096.410156,4237.948614,4118.461438,4682.051168,4047.692209,3999.487082,4299.487074,4623.076810,4190.256308,4509.743479,4245.640922,4554.358863,4333.333227,
225.000000,4447.179378,4083.589644,4227.179384,4111.281951,4669.230655,4045.128106,4000.512723,4290.256305,4610.769118,4175.384513,4496.410146,4236.922973,4539.999889,4317.948612,
226.000000,4447.692199,4081.538362,4226.153743,4113.846053,4672.820399,4039.487081,3996.410159,4285.640921,4607.179375,4177.948616,4503.076813,4238.461435,4544.615273,4323.076817,
227.000000,4462.051173,4096.410156,4240.512717,4129.743489,4692.820398,4044.615286,3997.435800,4299.999895,4623.076810,4201.025538,4520.512710,4255.384511,4565.640914,4343.589637,
228.000000,4457.435788,4087.692208,4237.435794,4127.692207,4681.538347,4045.640927,3993.846056,4304.102459,4628.205015,4203.076820,4513.846043,4260.512716,4560.512709,4338.974253,
229.000000,4451.281942,4079.999900,4232.307589,4117.948617,4662.563989,4044.615286,3995.897338,4300.512715,4625.128092,4191.281949,4509.743479,4257.435793,4554.358863,4330.769125,
230.000000,4459.487070,4095.897336,4243.589640,4123.076822,4677.948604,4043.589645,3998.974261,4303.076818,4629.230656,4192.307590,4520.512710,4259.999896,4563.589632,4339.999894,
231.000000,4471.794762,4111.281951,4255.384511,4134.871694,4697.948603,4045.640927,3995.384518,4307.179382,4633.333220,4203.589641,4527.179376,4272.307588,4572.307581,4350.769124,
232.000000,4480.512711,4112.307592,4256.922973,4139.999899,4692.820398,4050.769132,3998.974261,4310.256305,4639.999887,4216.922974,4527.692197,4281.538357,4579.487068,4356.922970,
233.000000,4465.128096,4093.846054,4243.076819,4125.128104,4674.871681,4046.153747,3999.487082,4303.076818,4631.794759,4206.666564,4518.974248,4269.743485,4570.256298,4347.179381,
234.000000,4458.974250,4090.769131,4240.512717,4122.564002,4684.102450,4048.205029,3999.999902,4301.025536,4624.102451,4194.358872,4523.076812,4266.666562,4567.692196,4345.640919,
235.000000,4462.563993,4096.410156,4242.563999,4127.692207,4689.743475,4048.205029,3997.948620,4303.589638,4625.640913,4195.897333,4527.179376,4269.743485,4568.205016,4347.179381,
236.000000,4460.512711,4089.230669,4237.948614,4122.564002,4677.435783,4044.102465,3997.435800,4304.615279,4624.615272,4197.435795,4515.384505,4269.743485,4558.461427,4339.999894,
237.000000,4463.076814,4085.640926,4243.076819,4123.076822,4686.666552,4050.256311,4006.666569,4312.307587,4632.307579,4203.589641,4515.897325,4276.922972,4557.435786,4340.512714,
238.000000,4455.384506,4080.512721,4239.487076,4116.410156,4685.640911,4046.666568,3999.999902,4301.538356,4629.230656,4192.820410,4509.743479,4271.794767,4550.256299,4335.897330,
239.000000,4458.974250,4088.717849,4239.487076,4120.512720,4679.999886,4048.717850,3999.999902,4290.769126,4625.128092,4187.692205,4506.153736,4273.333229,4556.410145,4340.512714,
240.000000,4464.102455,4093.846054,4242.563999,4125.640925,4679.487065,4051.794773,4007.179389,4291.794767,4625.128092,4200.512718,4514.871684,4279.487075,4564.102452,4346.666560,
241.000000,4449.230660,4082.051182,4230.256307,4113.333233,4672.307578,4041.538363,3998.461441,4286.666562,4617.948605,4201.025538,4509.230659,4268.205024,4551.794760,4332.307586,
242.000000,4452.820404,4084.102464,4226.666563,4113.846053,4682.563988,4045.128106,4002.564005,4292.307587,4624.615272,4197.948615,4507.179377,4263.076819,4552.820401,4328.717843,
243.000000,4456.922968,4079.487080,4225.640922,4111.794771,4681.538347,4047.179388,4002.564005,4292.307587,4622.051169,4181.538359,4502.563992,4261.538357,4548.205017,4329.230663,
244.000000,4457.435788,4081.538362,4230.769127,4116.922976,4677.948604,4048.717850,3996.922979,4291.794767,4622.051169,4183.076821,4505.640915,4265.640921,4548.205017,4333.333227,
245.000000,4466.153737,4098.974259,4242.051178,4131.794771,4692.307578,4055.384516,3998.461441,4295.384510,4631.794759,4203.589641,4518.461428,4276.410152,4567.179375,4341.538355,
246.000000,4459.999891,4096.922977,4235.897332,4121.538361,4688.717834,4048.205029,3992.307595,4290.769126,4625.128092,4194.871692,4517.948607,4274.358870,4563.589632,4332.820407,
247.000000,4455.384506,4097.435797,4231.794768,4115.897335,4676.922963,4046.153747,3993.846056,4295.384510,4624.615272,4190.256308,4523.589633,4271.794767,4558.461427,4330.256304,
248.000000,4456.922968,4101.025541,4231.794768,4119.999899,4678.461424,4049.743491,3999.999902,4297.948613,4626.666554,4197.435795,4522.051171,4271.794767,4563.076811,4332.820407,
249.000000,4462.563993,4102.051182,4234.358871,4124.615284,4691.794757,4053.846055,4007.692210,4297.435792,4628.205015,4197.435795,4510.256300,4273.333229,4562.051170,4334.871689,
250.000000,4466.666557,4104.102464,4232.820409,4125.128104,4689.230655,4051.794773,4008.205030,4297.948613,4631.281938,4188.717846,4505.128095,4271.794767,4552.307581,4334.871689,
251.000000,4462.051173,4102.564002,4227.179384,4121.025540,4673.333219,4047.692209,4001.538364,4295.384510,4625.128092,4184.615282,4505.128095,4266.153742,4545.128094,4330.256304,
252.000000,4464.615275,4107.692207,4232.307589,4125.128104,4677.948604,4052.307593,4004.102466,4299.487074,4628.717836,4197.435795,4513.846043,4268.717844,4556.410145,4334.871689,
253.000000,4461.538352,4101.025541,4230.769127,4119.487079,4677.948604,4047.692209,3999.999902,4294.871690,4626.153733,4191.281949,4508.205018,4264.615280,4553.846042,4329.743484,
254.000000,4464.615275,4102.564002,4229.230666,4119.487079,4675.384501,4049.230670,4001.538364,4294.358869,4623.589631,4184.102462,4503.076813,4261.538357,4547.692196,4326.666561,
255.000000,4470.256301,4116.410156,4232.820409,4127.692207,4680.512706,4054.358875,4008.717851,4301.538356,4633.333220,4197.435795,4507.179377,4266.153742,4552.307581,4332.820407,
256.000000,4459.487070,4111.281951,4229.230666,4123.076822,4682.563988,4049.743491,4002.051184,4293.846049,4628.717836,4186.153744,4499.487069,4262.051178,4549.743478,4329.743484,
257.000000,4459.487070,4109.230669,4230.769127,4124.102463,4693.333219,4056.922978,4005.640928,4287.692203,4617.948605,4168.717847,4500.512710,4264.102460,4553.846042,4332.307586,
258.000000,4463.589634,4111.281951,4225.128102,4125.128104,4686.153732,4054.358875,4006.153748,4287.179382,4610.256298,4177.948616,4503.076813,4263.589639,4547.692196,4330.256304,
259.000000,4468.205019,4116.410156,4227.179384,4132.820412,4681.538347,4049.230670,4002.051184,4293.846049,4618.974246,4197.435795,4505.640915,4262.051178,4542.051171,4331.281945,
260.000000,4472.307583,4113.846053,4235.897332,4134.871694,4684.615270,4050.256311,3999.487082,4298.461433,4627.179374,4193.846051,4509.230659,4267.692203,4549.743478,4338.461432,
261.000000,4458.974250,4094.871695,4226.666563,4114.358874,4662.051168,4041.025542,3987.692210,4284.615280,4611.794759,4170.769129,4500.512710,4268.205024,4540.512709,4329.743484,
262.000000,4462.563993,4099.999900,4228.205025,4117.948617,4667.692194,4046.666568,3994.358877,4285.640921,4615.897323,4182.051180,4508.205018,4271.794767,4545.640914,4329.743484,
263.000000,4467.179378,4105.128105,4229.743486,4124.615284,4682.051168,4055.897337,4001.538364,4295.897331,4625.640913,4194.871692,4512.307582,4269.230665,4557.435786,4332.820407,
264.000000,4458.461429,4095.384515,4224.102461,4116.410156,4672.307578,4050.769132,3996.922979,4297.435792,4618.461426,4185.640923,4501.538351,4266.153742,4552.820401,4329.230663,
265.000000,4462.051173,4099.999900,4231.794768,4118.461438,4675.384501,4049.230670,4005.128107,4296.922972,4618.974246,4183.076821,4508.717838,4274.871690,4554.358863,4336.922971,
266.000000,4458.974250,4097.435797,4232.820409,4113.846053,4679.487065,4048.205029,4006.153748,4288.717844,4616.410144,4168.717847,4512.820402,4272.820408,4556.410145,4336.922971,
267.000000,4462.051173,4099.487079,4235.384512,4119.487079,4681.538347,4054.871696,4004.615287,4291.281946,4619.487067,4173.333231,4510.769120,4273.846049,4562.051170,4339.487073,
268.000000,4470.769121,4108.205028,4239.487076,4132.820412,4679.487065,4059.487080,4007.179389,4302.563997,4625.640913,4196.922974,4512.307582,4280.512716,4558.974247,4346.153740,
269.000000,4459.487070,4097.948618,4229.230666,4122.051181,4667.179373,4046.666568,3997.435800,4297.435792,4616.410144,4190.256308,4508.205018,4275.897331,4543.076812,4336.922971,
270.000000,4461.025532,4101.538361,4232.820409,4119.487079,4669.743476,4047.179388,3996.410159,4295.384510,4621.538349,4188.205026,4512.307582,4278.461434,4551.794760,4339.999894,
271.000000,4464.102455,4103.076823,4236.922973,4122.564002,4671.794758,4048.717850,3994.358877,4290.256305,4623.076810,4185.640923,4507.692197,4278.974254,4554.871683,4340.512714,
272.000000,4461.025532,4096.410156,4233.846050,4119.999899,4673.846040,4046.153747,3989.743492,4288.205023,4615.384503,4169.230667,4503.076813,4280.512716,4546.666555,4334.871689,
273.000000,4473.333224,4112.820412,4245.128101,4131.281950,4691.281937,4057.948619,4002.051184,4307.179382,4631.281938,4189.230667,4517.948607,4292.307587,4562.563991,4346.666560,
274.000000,4468.717839,4112.820412,4238.974255,4128.205027,4684.615270,4054.871696,4000.512723,4304.102459,4628.717836,4208.205025,4511.281941,4284.102459,4561.538350,4345.128099,
275.000000,4466.153737,4107.179387,4230.256307,4125.128104,4679.999886,4052.307593,3998.461441,4292.307587,4621.025528,4202.051179,4506.153736,4278.974254,4559.487068,4343.589637,
276.000000,4470.256301,4111.281951,4231.794768,4128.717848,4684.102450,4055.897337,3998.461441,4291.794767,4621.538349,4187.692205,4510.256300,4282.563998,4562.051170,4346.153740,
277.000000,4462.051173,4108.717848,4229.743486,4123.589643,4674.358860,4051.281952,3990.769133,4289.230664,4612.307580,4174.358872,4501.538351,4279.999895,4550.769119,4341.538355,
278.000000,4470.256301,4111.794771,4237.948614,4131.794771,4679.487065,4054.871696,3996.410159,4292.820408,4616.410144,4179.487077,4509.230659,4288.717844,4557.948606,4350.769124,
279.000000,4464.615275,4098.974259,4234.358871,4124.102463,4665.128091,4047.692209,3991.281954,4287.179382,4616.410144,4182.564000,4505.128095,4285.640921,4554.871683,4347.179381,
280.000000,4458.461429,4095.897336,4232.307589,4117.435797,4659.487066,4047.179388,3991.794774,4292.307587,4616.922964,4193.846051,4502.051172,4281.538357,4551.794760,4343.076817,
281.000000,4471.794762,4108.717848,4242.563999,4128.205027,4685.128091,4056.922978,3998.461441,4297.435792,4622.563990,4201.025538,4517.948607,4289.230664,4566.153734,4351.281945,
282.000000,4476.922967,4110.769130,4242.051178,4131.281950,4691.281937,4056.410157,3994.358877,4289.743485,4622.051169,4191.794769,4521.538351,4291.281946,4572.820401,4351.794765,
283.000000,4478.461429,4112.307592,4237.435794,4133.846053,4686.666552,4058.974260,3998.461441,4296.922972,4628.717836,4201.025538,4517.948607,4290.256305,4575.897324,4354.358868,
284.000000,4465.640916,4098.974259,4227.692204,4123.076822,4678.974245,4052.820414,3996.410159,4298.461433,4624.615272,4197.948615,4507.692197,4282.563998,4564.102452,4348.205022,
285.000000,4464.102455,4095.897336,4231.281948,4123.589643,4684.102450,4056.922978,4003.076825,4295.897331,4625.128092,4191.794769,4513.846043,4284.615280,4557.435786,4346.153740,
286.000000,4470.769121,4105.128105,4234.871691,4130.256309,4678.974245,4063.076824,4008.717851,4294.871690,4627.692195,4193.333231,4523.076812,4287.692203,4559.999888,4348.205022,
287.000000,4460.512711,4097.948618,4226.666563,4123.076822,4661.538348,4052.820414,3995.384518,4291.794767,4616.410144,4189.743487,4508.205018,4282.051177,4553.846042,4338.974253,
288.000000,4460.512711,4097.948618,4229.743486,4127.692207,4681.025527,4051.794773,3994.358877,4299.999895,4623.076810,4202.051179,4504.615274,4288.205023,4556.922965,4339.487073,
289.000000,4456.922968,4095.384515,4226.153743,4123.589643,4694.358860,4050.769132,3992.820415,4289.743485,4618.974246,4198.974256,4502.051172,4285.128100,4556.922965,4335.384509,
290.000000,4456.410147,4098.461438,4227.179384,4122.051181,4683.076809,4050.256311,3988.717851,4279.999895,4608.205016,4182.051180,4499.487069,4280.512716,4555.384504,4334.358868,
291.000000,4462.563993,4105.128105,4234.358871,4131.794771,4676.410142,4050.256311,3990.769133,4290.769126,4610.769118,4181.538359,4504.615274,4284.102459,4554.871683,4340.512714,
292.000000,4456.410147,4095.897336,4225.640922,4125.640925,4672.307578,4045.640927,3989.743492,4292.307587,4605.128093,4173.333231,4494.871685,4280.512716,4544.615273,4331.281945,
293.000000,4458.974250,4097.948618,4222.051179,4121.538361,4676.410142,4051.281952,3993.333236,4287.692203,4603.076811,4166.153744,4488.205018,4276.922972,4546.153735,4328.205022,
294.000000,4456.922968,4093.846054,4221.538358,4117.948617,4668.717835,4050.769132,3991.281954,4282.563998,4606.153734,4169.230667,4485.640916,4267.692203,4541.025530,4327.692202,
295.000000,4459.487070,4092.307592,4227.692204,4124.615284,4667.692194,4053.846055,3995.384518,4289.743485,4620.512708,4190.769128,4496.410146,4272.820408,4544.102453,4335.384509,
296.000000,4468.717839,4103.589643,4235.897332,4135.897335,4678.461424,4057.948619,4002.051184,4298.974254,4630.769118,4205.128102,4508.205018,4283.076818,4556.922965,4344.615278,
297.000000,4461.538352,4097.435797,4226.666563,4126.666566,4672.307578,4053.333234,3993.333236,4290.769126,4614.871682,4184.615282,4499.999890,4274.871690,4550.256299,4336.410150,
298.000000,4465.128096,4092.307592,4231.794768,4123.076822,4679.487065,4061.025542,3996.410159,4293.846049,4615.384503,4186.153744,4504.102454,4279.487075,4561.025529,4342.051176,
299.000000,4471.794762,4092.820413,4239.487076,4126.153745,4689.743475,4058.974260,3999.999902,4299.999895,4627.179374,4204.102461,4511.794761,4286.666562,4569.743478,4348.717842,
300.000000,4468.717839,4097.948618,4235.384512,4126.666566,4683.076809,4046.153747,3995.897338,4297.948613,4626.666554,4196.922974,4508.205018,4283.076818,4559.487068,4345.128099,
301.000000,4466.153737,4097.948618,4231.281948,4125.640925,4675.897322,4047.692209,3994.358877,4293.846049,4616.922964,4184.102462,4504.615274,4280.512716,4556.922965,4343.076817,
302.000000,4460.512711,4085.640926,4226.153743,4118.461438,4670.256296,4053.333234,3991.794774,4287.179382,4601.025529,4175.384513,4500.512710,4276.922972,4552.820401,4338.461432,
303.000000,4466.666557,4094.358874,4231.794768,4127.179386,4679.999886,4059.487080,3999.999902,4292.307587,4607.692195,4184.102462,4504.615274,4278.974254,4555.897324,4346.153740,
304.000000,4474.358865,4107.692207,4236.922973,4135.384514,4689.230655,4058.974260,4002.564005,4296.410151,4618.974246,4192.820410,4502.051172,4282.051177,4558.974247,4350.256304,
305.000000,4478.461429,4105.640925,4238.461435,4134.871694,4685.640911,4056.922978,4003.076825,4300.512715,4621.025528,4196.922974,4510.256300,4287.692203,4562.051170,4351.281945,
306.000000,4487.179377,4102.564002,4246.666563,4135.897335,4677.435783,4058.974260,4007.692210,4310.256305,4628.717836,4201.538359,4534.358863,4295.384510,4576.922965,4361.025534,
307.000000,4480.512711,4096.410156,4246.153742,4129.230668,4673.333219,4053.333234,3998.974261,4303.076818,4626.153733,4188.205026,4524.102453,4290.256305,4575.897324,4358.461432,
308.000000,4476.410147,4099.999900,4242.563999,4130.256309,4686.153732,4057.948619,4001.538364,4297.948613,4624.615272,4197.948615,4507.179377,4288.205023,4571.794760,4354.358868,
309.000000,4473.333224,4102.051182,4237.948614,4131.794771,4686.153732,4064.102465,4008.205030,4301.025536,4623.076810,4214.358871,4510.769120,4286.666562,4571.281939,4351.281945,
310.000000,4471.281942,4099.487079,4238.974255,4131.281950,4680.512706,4061.025542,4004.102466,4302.051177,4619.999887,4208.205025,4515.897325,4284.615280,4570.769119,4350.769124,
311.000000,4483.589634,4109.743489,4247.179383,4141.538360,4692.307578,4059.999901,4008.717851,4308.717843,4630.769118,4209.230666,4519.487069,4286.153741,4580.512709,4361.025534,
312.000000,4477.948608,4101.538361,4239.487076,4132.307591,4683.589629,4052.820414,4004.102466,4302.563997,4625.640913,4199.999897,4512.307582,4274.871690,4568.717837,4351.794765,
313.000000,4474.358865,4095.897336,4242.051178,4132.307591,4681.025527,4057.435798,4001.025543,4299.487074,4625.640913,4198.974256,4517.948607,4275.384511,4563.589632,4348.717842,
314.000000,4485.128095,4106.153746,4253.333229,4146.666565,4692.307578,4064.615285,4008.717851,4308.717843,4637.435784,4214.358871,4527.692197,4288.717844,4577.948606,4362.051175,
315.000000,4478.974249,4099.999900,4247.179383,4137.948617,4682.051168,4056.922978,4005.128107,4304.615279,4629.230656,4211.794769,4519.487069,4285.640921,4576.922965,4355.384509,
316.000000,4473.846044,4097.948618,4245.128101,4135.384514,4678.974245,4060.512721,4004.615287,4300.512715,4624.102451,4209.743487,4519.487069,4283.589639,4577.435786,4348.717842,
317.000000,4476.410147,4100.512720,4247.692204,4138.461437,4683.589629,4063.076824,4007.179389,4298.461433,4627.179374,4212.820410,4521.025530,4284.615280,4577.948606,4353.333227,
318.000000,4483.589634,4104.102464,4252.307588,4139.999899,4686.153732,4062.564003,4014.358876,4304.615279,4630.769118,4214.358871,4526.666556,4287.179382,4582.563991,4362.051175,
319.000000,4488.205018,4110.769130,4255.384511,4145.128104,4697.948603,4066.666567,4017.948620,4314.871689,4633.333220,4215.897333,4532.307581,4285.640921,4592.307580,4366.153739,
320.000000,4483.589634,4108.205028,4246.666563,4144.615283,4701.538347,4065.640926,4007.692210,4305.640920,4627.692195,4208.717846,4515.384505,4274.358870,4578.461427,4359.487073,
321.000000,4486.666557,4110.769130,4246.153742,4149.230668,4702.563988,4071.281952,4011.281953,4296.410151,4627.179374,4204.102461,4512.820402,4276.922972,4561.538350,4360.512714,
322.000000,4481.538352,4104.102464,4243.589640,4145.128104,4695.897321,4068.205029,4014.358876,4292.307587,4619.487067,4190.769128,4518.974248,4281.025536,4558.461427,4353.846047,
323.000000,4481.538352,4102.051182,4239.999896,4143.589642,4688.205014,4064.615285,4013.333235,4298.974254,4620.512708,4191.794769,4516.410146,4283.076818,4574.871683,4351.281945,
324.000000,4495.897326,4113.333233,4251.794768,4152.307591,4694.871680,4068.717849,4017.948620,4310.769125,4641.025528,4222.563999,4524.102453,4292.820408,4593.333221,4366.153739,
325.000000,4491.281941,4108.205028,4254.871691,4148.717847,4693.846039,4062.051183,4008.205030,4301.025536,4636.410143,4226.153743,4528.717838,4292.307587,4585.640914,4367.179380,
326.000000,4488.717839,4110.769130,4254.871691,4148.205027,4693.846039,4064.615285,4004.102466,4297.435792,4629.230656,4221.538358,4533.333222,4289.743485,4587.179375,4365.640919,
327.000000,4483.589634,4110.769130,4251.281947,4146.153745,4688.717834,4068.717849,4006.153748,4298.461433,4633.333220,4226.666563,4530.256299,4283.076818,4593.846042,4364.102457,
328.000000,4474.871685,4103.076823,4246.666563,4142.051181,4691.794757,4065.128106,4009.743492,4299.999895,4634.358861,4217.948615,4525.128094,4274.871690,4586.666555,4358.974252,
329.000000,4478.974249,4105.640925,4248.205024,4146.666565,4708.717834,4066.666567,4019.487081,4313.333228,4638.461425,4213.333230,4530.769120,4278.461434,4585.128093,4361.025534,
330.000000,4465.640916,4090.256310,4238.461435,4130.256309,4688.205014,4057.435798,4011.281953,4305.128100,4628.205015,4206.666564,4510.769120,4270.769126,4570.256298,4347.179381,
331.000000,4460.512711,4084.615285,4241.025537,4127.179386,4672.820399,4056.922978,4008.717851,4294.871690,4627.179374,4206.153743,4501.538351,4266.153742,4566.153734,4344.615278,
332.000000,4474.871685,4101.025541,4249.230665,4147.692206,4688.717834,4066.666567,4017.435799,4301.538356,4634.358861,4209.230666,4523.589633,4276.410152,4577.435786,4355.897329,
333.000000,4478.974249,4104.615284,4245.128101,4151.281950,4694.358860,4066.153747,4017.435799,4305.128100,4627.179374,4210.769128,4531.794761,4276.922972,4579.999888,4355.897329,
334.000000,4479.999890,4099.999900,4249.230665,4147.692206,4691.281937,4067.179388,4015.897338,4299.487074,4623.076810,4207.179384,4521.538351,4272.307588,4576.922965,4356.410150,
335.000000,4473.333224,4090.256310,4248.717845,4139.999899,4686.666552,4063.076824,4004.615287,4286.153741,4616.922964,4188.205026,4508.717838,4267.692203,4562.051170,4350.769124,
336.000000,4479.487070,4095.897336,4254.358870,4146.666565,4695.384501,4060.512721,4002.051184,4290.256305,4621.538349,4204.615282,4522.051171,4273.846049,4571.794760,4357.948611,
337.000000,4493.333223,4109.743489,4263.076819,4156.922975,4697.948603,4059.999901,4005.640928,4301.538356,4631.281938,4231.794768,4540.512709,4278.974254,4595.384503,4368.717842,
338.000000,4489.743480,4107.692207,4256.410152,4151.281950,4684.615270,4059.999901,4001.025543,4299.999895,4626.153733,4219.999897,4531.281940,4271.794767,4589.743478,4363.076816,
339.000000,4488.717839,4108.717848,4254.358870,4151.794770,4692.307578,4069.743490,4010.769133,4303.589638,4629.743477,4216.922974,4523.076812,4272.307588,4589.230657,4365.640919,
340.000000,4479.487070,4098.461438,4250.769127,4141.538360,4690.256296,4062.564003,4010.769133,4299.487074,4631.794759,4213.333230,4519.487069,4267.179383,4591.794760,4363.076816,
341.000000,4476.922967,4094.871695,4246.666563,4135.897335,4682.051168,4057.435798,4008.205030,4296.410151,4630.769118,4207.692205,4530.769120,4263.076819,4591.794760,4360.512714,
342.000000,4488.717839,4107.179387,4250.769127,4150.769129,4687.692193,4067.179388,4018.461440,4302.051177,4628.717836,4218.461435,4538.461427,4264.102460,4591.794760,4365.640919,
343.000000,4483.589634,4102.564002,4249.230665,4154.358873,4682.563988,4068.205029,4017.435799,4296.922972,4617.948605,4209.230666,4517.435787,4253.333229,4574.871683,4357.948611,
344.000000,4484.615275,4110.256310,4252.820409,4154.871693,4691.281937,4072.820413,4021.538363,4303.076818,4630.769118,4199.999897,4516.410146,4253.846050,4573.333222,4361.025534,
345.000000,4488.205018,4123.076822,4252.307588,4151.794770,4698.461424,4070.769131,4021.538363,4305.640920,4641.538348,4210.256307,4528.205017,4255.384511,4584.102452,4364.615278,
346.000000,4482.051172,4120.512720,4246.153742,4147.692206,4682.051168,4065.640926,4011.794774,4294.358869,4626.153733,4212.307589,4525.128094,4248.205024,4583.076811,4355.384509,
347.000000,4485.128095,4122.564002,4250.769127,4153.846052,4683.076809,4071.281952,4012.820415,4292.307587,4619.999887,4197.435795,4525.640915,4248.205024,4584.102452,4356.410150,
348.000000,4486.153736,4119.487079,4250.256306,4149.230668,4694.871680,4069.743490,4012.307594,4288.717844,4615.384503,4183.589641,4522.051171,4247.179383,4582.051170,4360.512714,
349.000000,4485.128095,4114.358874,4248.205024,4143.589642,4691.794757,4069.230670,4016.410158,4287.692203,4614.871682,4196.410154,4523.589633,4245.640922,4579.487068,4359.999893,
350.000000,4477.435788,4106.666566,4246.153742,4140.512719,4679.999886,4069.743490,4018.461440,4296.922972,4622.051169,4202.051179,4523.076812,4239.999896,4563.076811,4351.794765,
351.000000,4472.307583,4104.615284,4244.102460,4143.076822,4686.666552,4070.769131,4017.948620,4303.076818,4629.230656,4193.333231,4512.820402,4235.897332,4549.743478,4348.205022,
352.000000,4478.974249,4111.281951,4248.205024,4148.205027,4699.999885,4077.948618,4023.076825,4304.615279,4635.897323,4203.076820,4514.358864,4234.871691,4565.640914,4353.846047,
353.000000,4471.794762,4099.999900,4241.538358,4136.922976,4686.666552,4075.897336,4020.512722,4302.051177,4630.256297,4202.051179,4513.333223,4227.692204,4567.692196,4347.692201,
354.000000,4471.281942,4104.615284,4246.666563,4141.025540,4686.666552,4076.922977,4024.102466,4307.692202,4635.897323,4198.974256,4522.563992,4232.820409,4571.794760,4352.820406,
355.000000,4482.563993,4123.589643,4257.435793,4154.358873,4695.897321,4077.948618,4025.128107,4308.205023,4642.051169,4212.307589,4536.922966,4242.563999,4583.076811,4366.153739,
356.000000,4483.076813,4122.564002,4254.358870,4150.769129,4691.281937,4074.358875,4019.999902,4302.051177,4633.333220,4215.897333,4531.281940,4238.974255,4577.948606,4361.025534,
357.000000,4480.512711,4115.384515,4252.820409,4146.153745,4685.128091,4071.281952,4022.051184,4304.615279,4631.281938,4205.640923,4522.051171,4235.384512,4573.846042,4354.358868,
358.000000,4474.358865,4110.769130,4250.256306,4139.999899,4674.358860,4061.538362,4017.435799,4297.435792,4619.999887,4183.076821,4514.358864,4231.281948,4569.230657,4352.307586,
359.000000,4482.051172,4123.076822,4256.410152,4147.692206,4685.640911,4068.205029,4018.974261,4296.410151,4617.435785,4184.615282,4521.025530,4237.435794,4571.281939,4361.025534,
360.000000,4491.794762,4131.794771,4262.563998,4157.435796,4704.102449,4077.948618,4025.128107,4304.615279,4628.717836,4202.051179,4530.769120,4242.051178,4573.846042,4365.640919,
361.000000,4483.076813,4120.512720,4256.410152,4149.230668,4688.717834,4069.230670,4019.999902,4304.615279,4624.615272,4194.358872,4526.153735,4233.846050,4568.205016,4357.435791,
362.000000,4477.435788,4113.846053,4255.897332,4142.564001,4667.179373,4062.564003,4018.974261,4301.538356,4618.461426,4186.153744,4519.487069,4232.820409,4571.794760,4356.922970,
363.000000,4471.794762,4105.128105,4251.281947,4137.435796,4666.666553,4061.025542,4013.333235,4291.794767,4615.384503,4189.743487,4512.307582,4227.179384,4569.743478,4353.333227,
364.000000,4481.025531,4111.281951,4255.897332,4148.205027,4695.384501,4072.307593,4016.922979,4295.384510,4627.692195,4208.717846,4526.666556,4231.281948,4574.871683,4359.999893,
365.000000,4486.666557,4120.512720,4259.487075,4157.948616,4699.999885,4077.948618,4026.666568,4302.051177,4634.871682,4208.717846,4533.333222,4240.512717,4578.974247,4366.153739,
366.000000,4466.153737,4104.615284,4246.153742,4137.948617,4668.717835,4067.179388,4017.435799,4291.794767,4616.410144,4177.435795,4509.743479,4226.153743,4564.615273,4348.717842,
367.000000,4472.307583,4109.743489,4253.846050,4136.922976,4683.076809,4072.820413,4018.461440,4296.410151,4624.615272,4191.794769,4517.948607,4229.743486,4573.846042,4352.820406,
368.000000,4490.256300,4125.640925,4264.615280,4150.769129,4708.717834,4078.461439,4023.589645,4309.743484,4645.128092,4224.102461,4535.384504,4245.640922,4587.692196,4368.205021,
369.000000,4490.256300,4124.102463,4258.974255,4151.281950,4698.461424,4077.948618,4024.102466,4312.820407,4639.487066,4215.384512,4530.769120,4242.563999,4585.640914,4368.717842,
370.000000,4490.769121,4122.564002,4256.410152,4149.743488,4692.820398,4083.076823,4027.179389,4308.205023,4626.666554,4198.461436,4535.384504,4233.333230,4586.153734,4368.205021,
371.000000,4489.230659,4119.999899,4254.871691,4147.692206,4691.281937,4080.512721,4023.076825,4294.358869,4619.999887,4197.948615,4532.307581,4228.717845,4578.974247,4363.076816,
372.000000,4493.846044,4126.153745,4257.435793,4154.358873,4692.820398,4083.589644,4028.717850,4298.974254,4630.769118,4204.102461,4525.640915,4232.820409,4581.538350,4369.230662,
373.000000,4490.769121,4124.615284,4255.897332,4152.307591,4690.256296,4082.564003,4028.717850,4307.179382,4633.846041,4201.538359,4528.205017,4233.846050,4582.563991,4371.281944,
374.000000,4490.769121,4122.564002,4255.897332,4150.769129,4687.692193,4075.897336,4023.076825,4303.076818,4632.307579,4209.230666,4531.794761,4235.897332,4579.487068,4368.205021,
375.000000,4502.563992,4132.307591,4261.538357,4159.487078,4694.358860,4076.922977,4030.256312,4306.666561,4639.487066,4216.922974,4534.358863,4243.076819,4590.256298,4374.358867,
376.000000,4491.794762,4122.564002,4254.358870,4148.205027,4695.897321,4073.333234,4028.717850,4303.076818,4627.692195,4199.487077,4523.589633,4236.410153,4584.102452,4366.153739,
377.000000,4487.179377,4123.076822,4255.897332,4148.205027,4704.102449,4076.410157,4027.692209,4299.487074,4626.153733,4204.615282,4526.666556,4237.948614,4576.410145,4364.102457,
378.000000,4493.846044,4135.384514,4257.435793,4158.461437,4702.563988,4081.025541,4028.205030,4299.999895,4629.743477,4215.897333,4528.205017,4242.051178,4581.025529,4368.717842,
379.000000,4488.717839,4131.281950,4248.717845,4153.333232,4694.871680,4076.410157,4021.538363,4298.461433,4621.025528,4203.589641,4522.051171,4238.461435,4583.076811,4366.153739,
380.000000,4495.897326,4132.307591,4253.333229,4157.435796,4710.256295,4077.435798,4024.102466,4306.666561,4634.358861,4207.692205,4534.358863,4243.076819,4594.358862,4373.846047,
381.000000,4495.897326,4128.205027,4253.333229,4156.410155,4701.025526,4072.820413,4016.922979,4301.538356,4643.589630,4203.589641,4531.281940,4240.512717,4590.769119,4370.769124,
382.000000,4490.256300,4125.640925,4252.307588,4153.846052,4688.205014,4076.922977,4016.922979,4297.435792,4639.999887,4203.076820,4524.102453,4240.512717,4582.563991,4364.615278,
383.000000,4495.897326,4132.820412,4258.974255,4158.974257,4706.153731,4085.640926,4027.179389,4304.102459,4639.487066,4223.076820,4534.358863,4247.179383,4587.692196,4369.230662,
384.000000,4493.333223,4130.769130,4256.410152,4153.846052,4707.179372,4074.871695,4021.538363,4298.974254,4632.307579,4218.461435,4532.820402,4245.640922,4587.179375,4366.153739,
385.000000,4490.769121,4130.769130,4254.871691,4150.256309,4695.897321,4071.281952,4022.051184,4296.410151,4629.230656,4206.153743,4525.640915,4248.205024,4588.717837,4364.615278,
386.000000,4484.102454,4124.102463,4250.256306,4146.153745,4687.179373,4072.820413,4021.538363,4290.769126,4621.025528,4201.538359,4516.922966,4246.153742,4581.538350,4360.512714,
387.000000,4488.205018,4124.102463,4250.769127,4153.333232,4697.435783,4073.846054,4018.974261,4289.230664,4617.948605,4204.102461,4519.999889,4247.692204,4579.487068,4361.538355,
388.000000,4501.538351,4132.820412,4258.461434,4165.128103,4708.717834,4074.871695,4023.589645,4299.487074,4631.281938,4214.871692,4533.333222,4255.897332,4588.205016,4370.769124,
389.000000,4491.794762,4122.564002,4253.333229,4153.333232,4679.999886,4070.256311,4022.564004,4303.076818,4633.333220,4215.384512,4522.563992,4250.256306,4582.051170,4367.179380,
390.000000,4488.205018,4122.564002,4254.871691,4152.307591,4674.358860,4076.410157,4028.205030,4305.640920,4635.384502,4211.281948,4521.538351,4252.820409,4583.076811,4368.205021,
391.000000,4488.205018,4124.102463,4254.358870,4154.358873,4702.563988,4079.487080,4026.153748,4300.512715,4634.871682,4197.948615,4533.333222,4257.948614,4581.538350,4363.589637,
392.000000,4484.615275,4122.051181,4249.230665,4154.871693,4716.410141,4080.512721,4019.487081,4295.897331,4630.256297,4199.999897,4526.153735,4254.871691,4577.948606,4357.948611,
393.000000,4490.256300,4130.769130,4252.820409,4163.076821,4707.692193,4084.102464,4026.666568,4305.128100,4635.384502,4214.358871,4515.384505,4257.435793,4583.589632,4363.589637,
394.000000,4486.153736,4123.589643,4249.743486,4151.281950,4693.333219,4074.358875,4027.692209,4306.153741,4629.230656,4198.974256,4512.307582,4257.435793,4575.897324,4359.487073,
395.000000,4490.769121,4120.512720,4249.743486,4147.179386,4702.051167,4071.794772,4028.205030,4307.692202,4635.897323,4206.666564,4528.205017,4260.512716,4581.538350,4366.666560,
396.000000,4494.871685,4124.102463,4250.256306,4153.333232,4701.025526,4074.871695,4028.205030,4307.692202,4647.179374,4233.333230,4531.281940,4258.974255,4587.179375,4370.256303,
397.000000,4487.692198,4121.538361,4250.769127,4154.871693,4688.717834,4075.384516,4030.256312,4307.179382,4648.717835,4230.769127,4524.615274,4258.974255,4579.999888,4362.051175,
398.000000,4495.384505,4126.666566,4258.974255,4164.102462,4707.179372,4077.435798,4041.538363,4317.435792,4668.717835,4235.384512,4543.589632,4273.333229,4599.999888,4373.846047,
399.000000,4490.256300,4118.461438,4251.281947,4154.871693,4713.333218,4067.692208,4031.281953,4310.769125,4674.871681,4236.922973,4545.128094,4270.769126,4605.640913,4373.846047,
400.000000,4479.999890,4111.281951,4247.692204,4147.692206,4699.999885,4069.743490,4025.640927,4311.281946,4670.769117,4234.358871,4535.384504,4267.692203,4594.358862,4363.076816,
