1.000000,4461.025532,3993.846056,4202.564000,4145.128104,4693.846039,4052.307593,4061.025542,4316.922971,4651.794758,4255.384511,4539.487068,4430.256302,4541.538350,4387.179380,
2.000000,4469.743480,4001.538364,4210.769128,4152.307591,4702.051167,4058.974260,4063.076824,4316.922971,4656.410143,4263.076819,4552.307581,4434.871686,4551.281940,4396.922969,
3.000000,4474.871685,4000.512723,4213.846051,4156.922975,4708.205013,4056.410157,4062.564003,4315.384510,4645.128092,4258.974255,4550.256299,4428.205020,4547.692196,4392.820405,
4.000000,4470.256301,3997.948620,4210.769128,4153.333232,4692.820398,4051.281952,4062.051183,4319.999894,4638.974246,4248.717845,4536.922966,4421.538353,4541.538350,4387.179380,
5.000000,4469.230660,4002.051184,4209.230666,4151.281950,4697.948603,4053.846055,4063.589644,4323.076817,4646.153733,4251.281947,4538.461427,4423.076815,4545.128094,4391.281944,
6.000000,4476.410147,4006.153748,4213.846051,4153.846052,4708.717834,4057.948619,4062.564003,4317.948612,4646.153733,4257.948614,4546.153735,4426.153738,4546.666555,4391.281944,
7.000000,4472.820403,4002.051184,4212.820410,4151.794770,4692.307578,4056.922978,4061.538362,4314.358869,4636.922964,4252.307588,4539.487068,4424.615276,4539.487068,4384.615277,
8.000000,4465.128096,3998.461441,4206.153743,4144.615283,4693.846039,4052.307593,4063.076824,4313.846048,4635.897323,4245.128101,4535.384504,4424.102456,4540.512709,4386.153739,
9.000000,4469.230660,3999.487082,4204.615282,4145.128104,4699.487065,4049.230670,4063.076824,4314.358869,4644.615271,4247.692204,4546.666555,4428.717840,4551.281940,4395.384508,
10.000000,4471.794762,3997.948620,4205.640923,4148.717847,4692.820398,4049.743491,4059.487080,4317.435792,4648.205015,4251.794768,4555.384504,4430.256302,4554.358863,4396.922969,
11.000000,4466.666557,3995.384518,4206.153743,4147.179386,4696.922962,4054.358875,4063.076824,4324.102458,4647.179374,4253.846050,4552.307581,4428.717840,4551.281940,4391.281944,
12.000000,4462.563993,3994.358877,4204.102461,4144.102463,4696.410142,4054.871696,4067.179388,4323.589638,4648.205015,4254.871691,4544.615273,4425.128097,4545.640914,4385.128098,
13.000000,4458.461429,3988.717851,4195.384513,4139.999899,4692.820398,4048.205029,4059.487080,4313.846048,4645.128092,4247.179383,4538.974248,4417.948610,4536.922966,4379.487072,
14.000000,4453.846045,3982.564005,4191.281949,4138.974258,4690.769116,4046.153747,4053.333234,4312.820407,4640.512707,4241.025537,4537.435786,4417.435789,4534.358863,4379.487072,
15.000000,4459.999891,3989.230672,4202.051179,4143.076822,4693.846039,4051.281952,4059.487080,4324.615279,4641.538348,4243.076819,4539.999889,4421.538353,4541.025530,4385.128098,
16.000000,4470.769121,4000.512723,4211.281948,4146.153745,4703.076808,4052.307593,4065.640926,4324.615279,4645.128092,4245.128101,4538.461427,4418.461430,4543.076812,4386.666559,
17.000000,4472.307583,3998.974261,4210.256307,4145.128104,4699.999885,4050.256311,4063.589644,4309.230664,4641.538348,4242.051178,4534.871684,4419.487071,4539.487068,4386.153739,
18.000000,4470.256301,3992.820415,4211.281948,4144.102463,4693.333219,4050.256311,4063.076824,4308.205023,4633.846041,4244.102460,4539.487068,4431.794763,4541.025530,4391.794764,
19.000000,4472.307583,3992.820415,4213.333230,4143.589642,4692.307578,4046.153747,4064.615285,4318.974253,4635.384502,4247.692204,4547.692196,4437.435789,4544.102453,4397.435790,
20.000000,4473.333224,3992.820415,4210.256307,4143.589642,4691.281937,4044.102465,4063.076824,4320.512715,4642.563989,4242.051178,4550.256299,4434.358866,4542.563991,4394.358867,
21.000000,4472.307583,3993.333236,4208.205025,4145.128104,4695.384501,4053.333234,4067.692208,4319.999894,4646.153733,4244.102460,4549.230658,4436.410148,4547.179376,4392.820405,
22.000000,4471.281942,3996.922979,4209.230666,4144.102463,4701.538347,4060.512721,4074.358875,4329.230663,4650.769117,4256.922973,4552.820401,4440.512712,4554.871683,4397.948610,
23.000000,4472.307583,3996.410159,4208.205025,4140.512719,4705.128090,4058.461439,4072.820413,4333.333227,4656.922963,4259.487075,4553.846042,4437.948609,4552.820401,4400.512713,
24.000000,4475.897326,3996.410159,4207.179384,4140.512719,4705.128090,4057.435798,4066.666567,4319.999894,4653.846040,4252.307588,4546.666555,4431.281943,4548.205017,4397.948610,
25.000000,4481.025531,4003.076825,4210.769128,4147.179386,4701.025526,4057.948619,4065.640926,4310.769125,4646.153733,4249.743486,4543.589632,4433.333225,4550.256299,4399.999892,
26.000000,4478.974249,4006.666569,4212.820410,4148.717847,4702.051167,4055.897337,4064.102465,4317.948612,4647.179374,4253.333229,4549.230658,4441.538353,4550.769119,4403.076815,
27.000000,4470.769121,3998.974261,4205.128102,4142.051181,4703.589629,4052.820414,4064.102465,4325.128099,4651.281938,4253.846050,4551.281940,4437.435789,4549.743478,4399.487072,
28.000000,4463.589634,3993.333236,4194.358872,4138.974258,4695.897321,4050.769132,4068.205029,4318.974253,4648.205015,4251.281947,4543.589632,4426.666558,4549.230658,4391.794764,
29.000000,4460.512711,3993.333236,4192.307590,4139.999899,4694.358860,4053.333234,4068.717849,4312.820407,4644.102451,4250.769127,4539.999889,4422.051174,4545.128094,4387.179380,
30.000000,4467.692198,3999.487082,4199.487077,4143.589642,4707.692193,4058.461439,4066.666567,4323.076817,4655.897322,4260.512716,4548.717837,4423.589635,4549.743478,4391.281944,
31.000000,4472.820403,4007.692210,4199.999897,4147.179386,4710.769116,4058.461439,4068.205029,4331.794766,4667.692194,4268.717844,4554.358863,4427.692199,4560.512709,4397.948610,
32.000000,4466.666557,4006.666569,4195.897333,4145.640924,4703.589629,4055.384516,4067.692208,4318.974253,4655.897322,4262.563998,4549.230658,4428.205020,4559.999888,4393.846046,
33.000000,4467.179378,4003.589646,4200.512718,4144.615283,4704.615270,4058.461439,4067.692208,4310.769125,4644.102451,4257.435793,4546.666555,4426.153738,4555.384504,4390.769123,
34.000000,4476.922967,4009.743492,4207.692205,4152.307591,4709.743475,4059.999901,4068.717849,4325.128099,4652.307579,4262.051178,4551.794760,4431.794763,4558.461427,4398.974251,
35.000000,4476.922967,4017.435799,4207.692205,4157.435796,4706.666552,4056.922978,4066.666567,4332.307586,4661.538348,4265.128101,4555.384504,4442.051173,4566.666555,4407.179379,
36.000000,4471.281942,4014.871697,4204.615282,4151.281950,4702.051167,4055.384516,4066.666567,4322.563997,4657.948604,4262.563998,4556.410145,4441.538353,4570.256298,4407.179379,
37.000000,4473.846044,4010.256312,4205.640923,4147.692206,4704.102449,4059.487080,4072.307593,4319.999894,4653.333220,4265.640921,4557.948606,4439.487071,4570.256298,4407.179379,
38.000000,4479.487070,4010.769133,4207.179384,4151.281950,4709.743475,4063.589644,4075.897336,4324.102458,4657.948604,4272.307588,4558.974247,4441.025532,4570.256298,4408.205020,
39.000000,4474.871685,4008.205030,4205.640923,4149.743488,4708.717834,4062.564003,4071.281952,4319.487074,4659.487066,4266.153742,4551.794760,4434.871686,4564.615273,4402.563995,
40.000000,4464.102455,4004.102466,4198.461436,4141.538360,4704.102449,4061.538362,4063.589644,4312.820407,4648.205015,4254.358870,4542.051171,4429.230661,4557.435786,4396.410149,
41.000000,4467.692198,4008.205030,4196.922974,4144.102463,4703.589629,4063.589644,4065.128106,4314.358869,4643.076810,4256.410152,4550.256299,4432.307584,4565.128093,4403.076815,
42.000000,4473.846044,4011.281953,4196.922974,4153.333232,4704.102449,4062.564003,4073.846054,4321.025535,4649.743476,4264.102460,4558.974247,4434.871686,4574.358863,4410.769123,
43.000000,4467.692198,4006.666569,4190.769128,4147.179386,4703.076808,4056.922978,4069.230670,4320.512715,4650.256297,4262.563998,4551.281940,4431.794763,4564.615273,4403.076815,
44.000000,4468.205019,4008.205030,4193.333231,4139.999899,4704.102449,4053.846055,4062.564003,4322.563997,4652.307579,4257.435793,4547.179376,4430.256302,4556.922965,4395.897328,
45.000000,4475.897326,4017.435799,4203.589641,4147.692206,4704.102449,4052.820414,4067.179388,4330.769125,4663.589630,4257.948614,4553.846042,4433.846045,4566.666555,4403.589636,
46.000000,4474.871685,4017.948620,4203.589641,4151.281950,4702.563988,4051.281952,4068.205029,4326.666561,4665.640912,4263.589639,4556.410145,4442.051173,4573.333222,4412.307584,
47.000000,4472.307583,4013.333235,4201.025538,4143.589642,4701.025526,4052.820414,4059.999901,4311.794766,4651.281938,4264.102460,4554.358863,4446.153737,4570.256298,4411.281943,
48.000000,4475.897326,4011.794774,4201.025538,4143.076822,4699.999885,4054.358875,4057.435798,4308.717843,4639.999887,4252.307588,4551.794760,4438.974250,4566.666555,4405.128097,
49.000000,4476.922967,4011.281953,4200.512718,4145.640924,4702.051167,4053.333234,4063.589644,4318.461433,4646.666553,4246.153742,4549.743478,4434.358866,4563.589632,4402.051174,
50.000000,4477.435788,4014.358876,4204.102461,4146.666565,4706.153731,4054.358875,4064.102465,4318.461433,4654.358861,4253.846050,4551.794760,4434.358866,4564.102452,4406.666559,
51.000000,4478.461429,4017.948620,4204.615282,4148.205027,4707.692193,4055.897337,4058.974260,4307.179382,4647.179374,4254.358870,4549.230658,4432.307584,4568.205016,4408.205020,
52.000000,4473.846044,4012.820415,4194.871692,4145.128104,4704.102449,4054.358875,4055.384516,4301.025536,4638.461425,4241.025537,4535.384504,4426.153738,4561.538350,4395.384508,
53.000000,4465.640916,4005.640928,4189.230667,4141.025540,4702.563988,4053.846055,4058.974260,4307.179382,4635.897323,4236.410153,4529.743479,4421.025533,4548.205017,4386.153739,
54.000000,4464.102455,4007.692210,4191.794769,4143.076822,4698.461424,4055.384516,4066.153747,4312.820407,4636.410143,4244.615281,4540.512709,4424.615276,4549.743478,4392.307585,
55.000000,4470.256301,4012.307594,4194.358872,4145.640924,4693.846039,4052.820414,4066.666567,4312.820407,4641.538348,4248.205024,4548.205017,4428.717840,4561.025529,4395.384508,
56.000000,4476.922967,4015.384517,4201.025538,4147.692206,4703.589629,4055.384516,4062.051183,4314.871689,4650.256297,4252.820409,4548.717837,4432.820404,4565.640914,4395.897328,
57.000000,4478.974249,4018.461440,4206.153743,4153.333232,4715.897321,4062.051183,4062.051183,4317.435792,4656.922963,4259.999896,4553.333222,4439.487071,4568.717837,4402.563995,
58.000000,4477.435788,4016.922979,4205.640923,4153.333232,4711.794757,4058.974260,4064.102465,4317.435792,4657.948604,4264.102460,4557.948606,4444.102455,4573.846042,4408.205020,
59.000000,4473.846044,4014.358876,4205.640923,4151.281950,4703.076808,4055.384516,4061.538362,4314.871689,4652.307579,4262.051178,4555.897324,4439.487071,4572.307581,4404.102456,
60.000000,4481.538352,4021.538363,4209.230666,4155.897334,4706.666552,4058.461439,4059.487080,4313.333228,4648.717835,4255.384511,4552.307581,4433.333225,4564.615273,4401.538354,
61.000000,4490.256300,4030.256312,4211.281948,4157.435796,4712.820398,4058.461439,4060.512721,4310.769125,4647.692194,4247.692204,4548.717837,4435.897327,4564.102452,4404.615277,
62.000000,4484.615275,4027.692209,4208.205025,4156.410155,4711.794757,4059.999901,4062.564003,4308.205023,4641.538348,4242.563999,4543.076812,4436.922968,4566.666555,4403.076815,
63.000000,4479.487070,4022.564004,4205.640923,4157.435796,4709.743475,4066.666567,4067.692208,4307.179382,4635.384502,4237.948614,4538.461427,4432.820404,4557.435786,4403.076815,
64.000000,4484.615275,4021.025543,4209.230666,4156.922975,4712.820398,4070.256311,4069.743490,4310.256305,4639.487066,4236.410153,4538.461427,4432.820404,4552.307581,4405.128097,
65.000000,4485.128095,4021.025543,4210.769128,4153.333232,4715.384500,4067.692208,4070.256311,4318.974253,4653.333220,4248.717845,4545.128094,4438.974250,4562.051170,4403.589636,
66.000000,4483.076813,4024.102466,4209.230666,4153.846052,4712.820398,4066.666567,4074.358875,4325.640920,4665.128091,4264.102460,4552.820401,4441.538353,4570.256298,4401.538354,
67.000000,4482.051172,4020.512722,4209.230666,4155.897334,4709.230654,4068.205029,4072.820413,4323.589638,4666.666553,4263.589639,4552.307581,4434.358866,4566.153734,4401.538354,
68.000000,4473.846044,4012.307594,4204.615282,4149.230668,4708.205013,4066.153747,4066.666567,4318.461433,4657.435784,4253.846050,4547.179376,4427.179379,4558.461427,4396.410149,
69.000000,4464.102455,4017.948620,4197.948615,4143.076822,4707.692193,4064.615285,4068.717849,4317.948612,4651.281938,4251.281947,4543.589632,4426.153738,4557.435786,4389.743482,
70.000000,4463.076814,4023.589645,4194.871692,4147.179386,4707.692193,4063.076824,4071.794772,4316.410151,4651.794758,4253.333229,4542.051171,4426.153738,4559.999888,4391.281944,
71.000000,4467.179378,4019.999902,4197.948615,4150.256309,4713.333218,4063.076824,4069.743490,4318.461433,4658.461425,4255.384511,4544.615273,4423.589635,4563.589632,4393.846046,
72.000000,4475.384506,4024.615286,4206.666564,4151.794770,4718.974244,4067.179388,4074.358875,4329.230663,4669.230655,4262.563998,4551.281940,4430.256302,4568.205016,4399.487072,
73.000000,4481.025531,4032.307594,4213.333230,4156.410155,4714.871680,4067.179388,4077.948618,4327.692202,4669.230655,4265.640921,4551.281940,4440.512712,4571.794760,4405.640918,
74.000000,4479.999890,4026.666568,4209.743487,4157.435796,4709.743475,4061.538362,4072.820413,4314.871689,4657.435784,4259.487075,4544.615273,4437.948609,4569.230657,4401.538354,
75.000000,4475.384506,4022.051184,4204.102461,4152.307591,4715.384500,4064.615285,4069.230670,4312.307587,4651.794758,4252.307588,4544.102453,4429.743481,4562.563991,4397.948610,
76.000000,4471.281942,4021.538363,4200.512718,4149.230668,4717.948603,4071.794772,4073.846054,4316.922971,4655.897322,4247.692204,4544.102453,4426.666558,4555.384504,4396.922969,
77.000000,4466.153737,4016.922979,4198.974256,4152.820411,4711.794757,4068.205029,4075.384516,4314.871689,4655.384502,4245.128101,4537.435786,4426.666558,4552.307581,4387.179380,
78.000000,4467.179378,4017.948620,4203.076820,4156.922975,4713.333218,4067.179388,4073.846054,4316.410151,4653.846040,4247.692204,4537.435786,4426.153738,4555.384504,4382.563995,
79.000000,4467.179378,4021.025543,4202.051179,4149.230668,4715.897321,4072.820413,4073.846054,4318.974253,4654.358861,4248.205024,4541.025530,4424.102456,4557.435786,4388.205021,
80.000000,4461.025532,4014.871697,4194.358872,4137.948617,4708.205013,4069.743490,4070.769131,4315.897330,4655.897322,4247.179383,4538.974248,4423.076815,4556.410145,4387.692200,
81.000000,4456.410147,4013.846056,4189.743487,4141.025540,4705.128090,4063.589644,4065.128106,4316.410151,4659.999886,4256.410152,4537.948607,4423.589635,4559.999888,4384.102457,
82.000000,4457.948609,4017.948620,4190.769128,4145.128104,4709.230654,4062.051183,4065.128106,4322.051176,4660.512707,4262.051178,4539.999889,4419.999892,4563.589632,4386.666559,
83.000000,4459.487070,4017.435799,4193.846051,4144.102463,4705.128090,4060.512721,4070.256311,4324.615279,4655.384502,4255.384511,4538.461427,4417.948610,4563.076811,4387.692200,
84.000000,4457.948609,4015.384517,4197.948615,4146.666565,4699.999885,4057.435798,4070.769131,4318.974253,4653.333220,4250.256306,4536.922966,4423.589635,4563.589632,4388.717841,
85.000000,4458.461429,4014.871697,4199.487077,4147.179386,4701.538347,4056.922978,4067.179388,4313.333228,4650.769117,4248.717845,4542.051171,4428.717840,4563.076811,4394.871687,
86.000000,4466.666557,4018.974261,4204.102461,4147.692206,4703.076808,4061.025542,4071.281952,4319.999894,4651.794758,4246.153742,4549.743478,4433.333225,4563.589632,4399.999892,
87.000000,4470.256301,4022.051184,4208.205025,4153.333232,4705.128090,4063.076824,4078.974259,4331.794766,4658.974245,4246.153742,4550.256299,4436.922968,4566.666555,4399.999892,
88.000000,4465.128096,4021.025543,4209.743487,4155.897334,4706.666552,4061.538362,4077.948618,4326.666561,4655.897322,4247.179383,4545.128094,4434.871686,4567.692196,4397.435790,
89.000000,4467.692198,4025.640927,4218.974256,4156.922975,4709.743475,4062.051183,4072.820413,4320.512715,4651.281938,4247.692204,4548.205017,4436.410148,4570.256298,4399.999892,
90.000000,4473.846044,4029.743491,4223.589640,4156.410155,4710.256295,4060.512721,4072.307593,4326.666561,4656.410143,4246.666563,4547.179376,4441.025532,4572.307581,4402.051174,
91.000000,4467.179378,4021.538363,4211.281948,4150.769129,4702.051167,4054.871696,4066.666567,4321.538356,4654.358861,4239.999896,4536.922966,4432.820404,4564.102452,4391.281944,
92.000000,4456.922968,4015.897338,4206.153743,4147.179386,4694.871680,4055.384516,4059.999901,4312.820407,4643.076810,4230.256307,4536.410145,4421.025533,4551.281940,4379.487072,
93.000000,4452.307583,4016.410158,4210.769128,4144.615283,4697.948603,4057.948619,4063.076824,4317.435792,4639.999887,4227.692204,4535.384504,4421.025533,4548.205017,4377.435790,
94.000000,4454.358865,4014.871697,4209.230666,4143.076822,4698.461424,4056.922978,4067.692208,4319.999894,4644.102451,4231.794768,4529.743479,4425.128097,4549.230658,4379.999893,
95.000000,4461.025532,4014.358876,4207.692205,4144.102463,4692.307578,4053.846055,4067.179388,4316.410151,4644.615271,4234.358871,4538.461427,4425.640917,4549.230658,4381.025534,
96.000000,4461.025532,4017.948620,4210.769128,4145.128104,4692.307578,4052.820414,4069.743490,4316.922971,4644.102451,4233.333230,4547.692196,4427.692199,4553.846042,4382.563995,
97.000000,4457.435788,4017.435799,4213.846051,4146.153745,4695.897321,4055.897337,4068.717849,4314.871689,4647.179374,4235.897332,4538.461427,4430.256302,4556.922965,4385.640918,
98.000000,4462.563993,4015.897338,4218.461435,4148.717847,4698.974244,4056.922978,4064.102465,4316.922971,4653.846040,4243.076819,4535.384504,4431.281943,4557.435786,4383.589636,
99.000000,4464.102455,4015.897338,4214.871692,4146.153745,4699.999885,4055.384516,4064.615285,4324.615279,4653.846040,4243.589640,4541.538350,4430.256302,4557.435786,4379.487072,
100.000000,4457.435788,4017.948620,4209.743487,4146.153745,4695.897321,4054.358875,4066.666567,4319.487074,4643.589630,4236.410153,4538.461427,4428.205020,4554.871683,4381.538354,
101.000000,4462.563993,4018.974261,4217.948615,4152.307591,4691.281937,4052.820414,4059.999901,4307.692202,4633.846041,4229.230666,4535.384504,4429.230661,4552.307581,4385.640918,
102.000000,4471.794762,4019.487081,4227.179384,4152.307591,4690.769116,4048.717850,4056.410157,4310.256305,4631.794759,4226.666563,4538.974248,4433.333225,4553.333222,4386.153739,
103.000000,4472.820403,4023.589645,4225.640922,4152.307591,4696.922962,4051.794773,4066.153747,4322.051176,4639.487066,4232.307589,4539.487068,4433.333225,4555.897324,4391.794764,
104.000000,4478.461429,4029.743491,4223.589640,4155.897334,4703.076808,4059.487080,4071.794772,4328.717843,4651.281938,4241.025537,4544.615273,4434.871686,4562.563991,4402.051174,
105.000000,4483.589634,4030.769132,4226.153743,4155.384514,4703.076808,4062.051183,4067.692208,4319.999894,4653.333220,4246.153742,4556.410145,4440.512712,4573.846042,4405.640918,
106.000000,4478.974249,4028.717850,4230.256307,4155.897334,4701.025526,4059.487080,4069.230670,4313.846048,4644.102451,4238.974255,4557.435786,4441.025532,4570.769119,4403.076815,
107.000000,4483.589634,4036.410158,4236.410153,4164.102462,4699.487065,4058.461439,4073.846054,4319.999894,4637.435784,4224.615281,4550.256299,4438.461430,4561.538350,4406.153738,
108.000000,4499.487069,4048.205029,4239.999896,4169.230667,4698.461424,4057.435798,4069.743490,4316.922971,4634.358861,4219.999897,4550.256299,4441.025532,4570.256298,4415.897328,
109.000000,4510.769120,4053.846055,4243.076819,4168.717847,4698.461424,4054.358875,4063.589644,4306.666561,4632.820400,4230.769127,4556.922965,4448.717840,4586.153734,4432.307584,
110.000000,4527.692197,4065.640926,4254.871691,4178.461436,4702.051167,4058.461439,4067.692208,4314.871689,4641.025528,4240.512717,4567.179375,4459.487070,4596.922965,4454.358865,
111.000000,4548.205017,4081.538362,4267.692203,4190.256308,4704.615270,4061.538362,4072.307593,4324.102458,4646.666553,4234.358871,4570.769119,4464.615275,4598.974247,4467.179378,
112.000000,4554.358863,4084.615285,4267.692203,4186.153744,4699.999885,4056.922978,4070.256311,4317.435792,4635.897323,4226.153743,4566.666555,4463.589634,4597.435785,4470.256301,
113.000000,4557.948606,4079.487080,4263.076819,4178.974257,4693.333219,4053.846055,4068.205029,4315.384510,4627.692195,4225.128102,4561.025529,4466.666557,4599.999888,4477.435788,
114.000000,4568.205016,4081.538362,4259.999896,4182.051180,4690.769116,4053.846055,4066.153747,4322.051176,4633.846041,4222.051179,4561.538350,4467.692198,4605.128093,4487.692198,
115.000000,4570.256298,4088.717849,4259.487075,4184.102462,4690.769116,4051.281952,4061.025542,4318.974253,4634.871682,4218.974256,4564.102452,4462.051173,4603.589631,4492.307582,
116.000000,4567.692196,4093.333233,4263.589639,4183.589641,4692.307578,4047.692209,4058.974260,4308.717843,4626.666554,4223.589640,4564.615273,4461.025532,4601.025529,4495.897326,
117.000000,4565.640914,4089.230669,4264.102460,4185.640923,4691.794757,4045.128106,4061.538362,4309.743484,4625.128092,4228.717845,4567.692196,4462.051173,4603.589631,4494.358864,
118.000000,4555.897324,4081.025541,4255.384511,4181.025539,4686.153732,4045.128106,4065.640926,4322.563997,4634.358861,4228.205025,4568.717837,4456.922968,4602.563990,4477.948608,
119.000000,4545.640914,4076.410157,4252.820409,4175.897334,4690.256296,4049.230670,4072.307593,4328.205022,4644.102451,4229.230666,4565.640914,4455.384506,4598.974247,4463.076814,
120.000000,4542.563991,4070.256311,4257.948614,4176.410154,4702.051167,4052.307593,4072.820413,4318.974253,4641.538348,4231.794768,4561.025529,4456.410147,4594.871683,4460.512711,
121.000000,4539.487068,4064.615285,4257.948614,4176.922975,4701.025526,4052.307593,4064.102465,4314.358869,4633.846041,4230.769127,4559.999888,4456.410147,4591.281939,4456.410147,
122.000000,4531.794761,4065.128106,4255.384511,4177.948616,4696.410142,4058.974260,4064.615285,4325.128099,4639.999887,4229.230666,4562.563991,4457.435788,4590.769119,4447.179378,
123.000000,4522.051171,4062.564003,4247.692204,4178.974257,4703.589629,4064.102465,4069.230670,4329.230663,4649.230656,4231.794768,4557.435786,4449.743481,4586.153734,4437.948609,
124.000000,4509.743479,4048.717850,4231.794768,4170.256308,4706.666552,4061.538362,4067.692208,4317.948612,4645.128092,4237.435794,4547.179376,4432.820404,4573.846042,4422.051174,
125.000000,4495.897326,4033.846055,4222.563999,4156.922975,4698.461424,4061.538362,4069.743490,4313.333228,4641.538348,4241.538358,4543.076812,4425.640917,4566.153734,4405.128097,
126.000000,4488.205018,4033.333235,4222.051179,4153.846052,4698.461424,4068.717849,4072.307593,4319.487074,4651.794758,4242.563999,4551.794760,4429.743481,4569.230657,4401.538354,
127.000000,4487.179377,4037.435799,4222.563999,4158.461437,4705.128090,4067.692208,4066.666567,4317.948612,4654.871681,4241.538358,4556.410145,4431.281943,4573.846042,4403.076815,
128.000000,4490.769121,4036.410158,4226.153743,4163.589642,4707.692193,4058.461439,4065.128106,4308.205023,4643.589630,4238.461435,4552.820401,4434.871686,4575.384504,4404.102456,
129.000000,4492.307582,4037.948619,4230.769127,4167.692206,4704.102449,4057.435798,4068.205029,4306.666561,4633.846041,4236.410153,4554.358863,4439.999891,4574.358863,4408.205020,
130.000000,4487.692198,4039.487081,4228.205025,4165.128103,4696.410142,4058.461439,4065.128106,4312.307587,4633.846041,4236.922973,4556.922965,4437.435789,4572.820401,4404.615277,
131.000000,4480.512711,4031.281953,4222.051179,4161.025539,4692.820398,4055.384516,4064.615285,4316.410151,4635.897323,4236.922973,4554.871683,4430.769122,4570.769119,4394.358867,
132.000000,4476.410147,4022.564004,4215.384512,4157.435796,4699.487065,4059.487080,4071.281952,4319.487074,4637.435784,4236.410153,4551.281940,4423.076815,4565.128093,4385.640918,
133.000000,4467.179378,4021.538363,4207.179384,4151.794770,4705.128090,4066.666567,4073.333234,4322.563997,4642.563989,4237.948614,4547.692196,4417.435789,4555.384504,4378.974252,
134.000000,4458.461429,4019.487081,4204.615282,4148.205027,4702.563988,4069.230670,4076.410157,4326.666561,4656.410143,4244.615281,4548.717837,4420.512712,4556.410145,4378.974252,
135.000000,4462.051173,4016.922979,4209.230666,4153.333232,4702.563988,4073.333234,4087.179387,4333.333227,4673.333219,4259.999896,4560.512709,4424.615276,4567.179375,4385.128098,
136.000000,4466.666557,4022.564004,4210.256307,4156.922975,4706.666552,4078.974259,4091.281951,4332.820407,4674.871681,4267.179383,4565.640914,4420.512712,4569.743478,4385.640918,
137.000000,4466.153737,4027.692209,4209.230666,4156.922975,4707.692193,4076.922977,4083.076823,4325.640920,4664.102450,4255.897332,4555.897324,4417.435789,4564.102452,4381.025534,
138.000000,4468.205019,4028.205030,4215.384512,4163.589642,4707.179372,4073.333234,4077.435798,4323.589638,4659.487066,4247.692204,4555.897324,4420.512712,4564.615273,4381.025534,
139.000000,4468.205019,4025.640927,4216.410153,4163.589642,4707.692193,4072.307593,4076.410157,4325.640920,4658.974245,4248.205024,4562.563991,4422.563994,4568.205016,4383.076816,
140.000000,4465.640916,4026.153748,4206.666564,4153.333232,4708.717834,4066.153747,4075.384516,4323.589638,4652.820399,4248.205024,4557.435786,4421.538353,4567.179375,4381.538354,
141.000000,4471.281942,4029.743491,4210.769128,4153.333232,4706.153731,4058.974260,4074.871695,4323.589638,4648.205015,4245.640922,4555.384504,4423.589635,4565.640914,4383.589636,
142.000000,4477.948608,4029.230671,4225.640922,4159.999898,4698.974244,4059.999901,4076.922977,4326.666561,4653.846040,4243.076819,4561.025529,4427.179379,4563.076811,4388.717841,
143.000000,4468.717839,4018.461440,4216.922974,4153.846052,4690.256296,4063.076824,4076.922977,4319.487074,4647.179374,4230.769127,4549.743478,4422.563994,4553.333222,4380.512713,
144.000000,4457.948609,4010.769133,4205.128102,4148.205027,4687.179373,4063.076824,4072.307593,4312.820407,4633.846041,4215.897333,4535.384504,4413.846046,4545.128094,4367.179380,
145.000000,4462.051173,4018.461440,4212.820410,4155.897334,4696.410142,4066.666567,4070.769131,4318.974253,4638.974246,4221.025538,4548.205017,4415.384507,4549.230658,4371.794765,
146.000000,4463.589634,4021.025543,4215.384512,4153.846052,4699.999885,4066.153747,4069.743490,4319.487074,4647.179374,4234.358871,4557.435786,4420.512712,4554.871683,4378.974252,
147.000000,4451.794763,4010.769133,4204.102461,4143.589642,4690.769116,4058.461439,4062.564003,4310.256305,4638.974246,4229.230666,4542.563991,4413.846046,4550.769119,4370.256303,
148.000000,4445.128096,4004.102466,4197.435795,4141.538360,4689.743475,4055.897337,4060.512721,4311.281946,4636.410143,4222.051179,4537.435786,4406.153738,4544.615273,4365.640919,
149.000000,4453.333224,4008.205030,4201.025538,4143.589642,4697.948603,4059.487080,4070.769131,4322.563997,4648.205015,4235.384512,4552.307581,4410.769123,4548.717837,4374.358867,
150.000000,4459.487070,4015.897338,4208.205025,4146.666565,4697.435783,4062.564003,4075.897336,4321.538356,4651.794758,4245.640922,4556.922965,4419.487071,4560.512709,4382.563995,
151.000000,4461.538352,4016.410158,4209.743487,4150.256309,4691.281937,4058.974260,4070.769131,4316.410151,4649.743476,4241.538358,4551.281940,4422.563994,4567.179375,4384.102457,
152.000000,4459.999891,4011.281953,4206.153743,4144.615283,4689.743475,4053.846055,4068.717849,4321.025535,4656.410143,4239.487076,4554.871683,4419.999892,4565.640914,4381.538354,
153.000000,4457.435788,4009.743492,4208.205025,4138.974258,4691.281937,4057.435798,4071.281952,4330.769125,4663.076809,4244.615281,4563.076811,4423.076815,4566.666555,4382.051175,
154.000000,4462.051173,4015.897338,4213.333230,4148.205027,4696.922962,4068.717849,4078.461439,4334.358868,4665.128091,4252.307588,4567.179375,4433.333225,4574.871683,4390.256303,
155.000000,4468.205019,4018.974261,4214.871692,4155.384514,4702.051167,4073.846054,4084.615285,4327.179381,4659.999886,4251.281947,4562.563991,4434.871686,4575.897324,4393.846046,
156.000000,4469.230660,4017.435799,4216.922974,4150.769129,4700.512706,4072.820413,4082.564003,4318.974253,4654.358861,4243.589640,4558.461427,4427.692199,4567.692196,4389.230662,
157.000000,4466.153737,4016.922979,4204.102461,4149.743488,4694.871680,4071.281952,4077.948618,4315.897330,4653.846040,4242.051178,4559.487068,4427.692199,4564.102452,4385.128098,
158.000000,4460.512711,4015.897338,4174.871693,4149.743488,4693.846039,4064.102465,4073.333234,4314.871689,4650.769117,4241.025537,4554.871683,4429.743481,4564.615273,4382.563995,
159.000000,4456.410147,4013.846056,4158.461437,4144.615283,4697.948603,4058.461439,4068.717849,4320.512715,4652.307579,4236.410153,4544.615273,4421.025533,4561.538350,4376.922970,
160.000000,4456.922968,4015.384517,4162.564001,4144.615283,4700.512706,4062.564003,4069.743490,4326.153740,4656.410143,4239.487076,4544.615273,4417.435789,4558.974247,4374.358867,
161.000000,4457.948609,4016.922979,4165.128103,4149.230668,4702.051167,4065.640926,4072.307593,4319.999894,4650.256297,4239.487076,4549.743478,4421.025533,4558.461427,4376.922970,
162.000000,4456.922968,4013.333235,4160.512719,4147.692206,4702.051167,4061.538362,4068.717849,4312.820407,4644.102451,4231.281948,4546.666555,4417.435789,4555.384504,4377.435790,
163.000000,4454.871686,4006.666569,4161.538360,4141.025540,4695.897321,4059.999901,4065.640926,4316.410151,4648.205015,4234.871691,4546.153735,4414.871687,4552.820401,4374.358867,
164.000000,4453.846045,4006.153748,4164.102462,4137.948617,4694.871680,4063.589644,4069.743490,4319.487074,4651.281938,4244.615281,4553.333222,4417.435789,4559.487068,4376.922970,
165.000000,4457.948609,4013.333235,4165.640924,4141.538360,4702.051167,4062.051183,4071.281952,4317.948612,4652.820399,4244.102460,4557.435786,4419.487071,4571.794760,4383.076816,
166.000000,4460.512711,4012.820415,4166.666565,4146.666565,4702.051167,4061.025542,4069.743490,4321.025535,4657.948604,4241.538358,4554.358863,4424.102456,4570.256298,4383.076816,
167.000000,4454.871686,4005.640928,4165.128103,4145.128104,4697.948603,4064.615285,4069.743490,4322.051176,4656.922963,4241.538358,4552.307581,4425.640917,4559.999888,4379.487072,
168.000000,4456.410147,4013.846056,4164.615283,4145.640924,4706.153731,4068.717849,4070.256311,4317.948612,4654.871681,4249.230665,4555.384504,4426.153738,4567.179375,4387.179380,
169.000000,4466.666557,4028.205030,4169.230667,4153.333232,4713.333218,4071.281952,4070.769131,4316.410151,4658.974245,4255.897332,4561.025529,4429.743481,4582.563991,4393.333226,
170.000000,4461.538352,4017.948620,4169.743488,4152.820411,4704.615270,4069.743490,4068.205029,4319.999894,4656.922963,4246.153742,4559.999888,4426.153738,4571.794760,4379.999893,
171.000000,4451.794763,4004.102466,4161.538360,4141.538360,4699.999885,4065.640926,4063.589644,4317.948612,4648.717835,4232.820409,4548.205017,4415.897328,4552.820401,4366.153739,
172.000000,4456.410147,4009.743492,4158.461437,4139.999899,4705.640911,4068.205029,4065.128106,4311.794766,4644.102451,4233.846050,4541.538350,4413.846046,4556.410145,4369.743483,
173.000000,4461.025532,4016.922979,4161.025539,4145.128104,4707.179372,4071.794772,4071.281952,4314.871689,4647.179374,4243.076819,4554.358863,4418.974251,4568.717837,4378.974252,
174.000000,4459.487070,4014.358876,4164.102462,4145.640924,4705.128090,4068.717849,4072.307593,4317.948612,4653.333220,4248.205024,4565.128093,4424.615276,4573.333222,4383.076816,
175.000000,4457.948609,4013.846056,4167.692206,4146.666565,4706.153731,4069.230670,4069.230670,4316.922971,4656.922963,4252.820409,4557.435786,4428.717840,4574.871683,4385.128098,
176.000000,4457.948609,4016.922979,4167.692206,4152.307591,4707.692193,4070.769131,4069.743490,4318.974253,4658.461425,4257.435793,4556.922965,4426.666558,4574.358863,4383.589636,
177.000000,4459.999891,4015.897338,4168.717847,4151.794770,4709.230654,4067.692208,4075.384516,4323.589638,4658.974245,4254.871691,4564.102452,4422.051174,4571.281939,4378.461431,
178.000000,4463.589634,4014.871697,4172.307590,4145.128104,4706.666552,4064.615285,4076.410157,4324.615279,4656.922963,4251.794768,4556.922965,4418.461430,4569.230657,4377.948611,
179.000000,4465.128096,4017.948620,4172.307590,4147.179386,4696.922962,4062.564003,4072.307593,4322.051176,4653.846040,4252.307588,4549.743478,4422.051174,4568.205016,4383.076816,
180.000000,4465.640916,4018.974261,4169.743488,4152.820411,4697.948603,4065.128106,4071.281952,4321.025535,4651.281938,4247.692204,4554.358863,4426.153738,4566.153734,4383.076816,
181.000000,4467.179378,4016.922979,4172.820411,4151.281950,4708.205013,4068.717849,4070.769131,4321.025535,4651.794758,4240.512717,4553.333222,4421.025533,4565.128093,4378.974252,
182.000000,4467.692198,4017.435799,4177.948616,4152.307591,4706.666552,4068.717849,4064.102465,4317.435792,4650.769117,4246.153742,4549.230658,4419.999892,4565.640914,4381.025534,
183.000000,4472.307583,4021.538363,4178.461436,4157.948616,4703.076808,4065.640926,4062.051183,4311.794766,4649.230656,4252.820409,4553.846042,4427.692199,4569.230657,4386.666559,
184.000000,4475.384506,4023.589645,4179.999898,4156.922975,4703.589629,4062.564003,4065.128106,4313.846048,4650.256297,4248.205024,4560.512709,4430.769122,4570.769119,4388.205021,
185.000000,4466.666557,4020.512722,4183.589641,4152.307591,4697.948603,4055.897337,4059.487080,4317.435792,4647.179374,4243.076819,4561.538350,4428.717840,4566.153734,4383.589636,
186.000000,4459.999891,4017.435799,4185.128103,4152.307591,4692.820398,4052.307593,4054.871696,4314.871689,4642.051169,4240.512717,4553.333222,4430.769122,4563.076811,4380.512713,
187.000000,4463.076814,4016.922979,4186.666564,4154.358873,4698.461424,4056.410157,4060.512721,4312.307587,4642.563989,4242.563999,4548.717837,4431.794763,4565.640914,4382.051175,
188.000000,4465.128096,4016.410158,4187.179385,4151.794770,4699.999885,4059.999901,4065.640926,4314.358869,4644.615271,4244.615281,4555.384504,4432.820404,4567.692196,4385.640918,
189.000000,4459.999891,4014.871697,4188.717846,4150.769129,4691.794757,4058.461439,4067.179388,4322.051176,4646.666553,4246.153742,4561.025529,4435.897327,4567.692196,4387.692200,
190.000000,4457.435788,4013.333235,4189.743487,4151.794770,4690.256296,4055.384516,4067.179388,4324.102458,4648.205015,4249.230665,4559.487068,4433.846045,4567.692196,4385.640918,
191.000000,4457.948609,4011.281953,4189.743487,4151.794770,4697.435783,4055.897337,4070.769131,4317.435792,4644.615271,4245.640922,4559.999888,4432.820404,4567.692196,4383.589636,
192.000000,4456.410147,4009.743492,4189.743487,4148.205027,4696.922962,4058.974260,4075.384516,4318.974253,4645.640912,4245.128101,4563.076811,4434.871686,4569.230657,4382.563995,
193.000000,4456.922968,4010.256312,4192.820410,4144.615283,4690.256296,4057.948619,4072.307593,4324.615279,4655.897322,4255.384511,4565.640914,4434.871686,4569.230657,4384.102457,
194.000000,4462.563993,4013.333235,4195.897333,4147.179386,4691.281937,4058.461439,4069.743490,4323.589638,4657.948604,4257.948614,4566.153734,4434.358866,4568.717837,4385.640918,
195.000000,4466.153737,4017.948620,4193.846051,4148.717847,4694.871680,4061.025542,4075.897336,4324.615279,4651.794758,4250.256306,4561.538350,4434.871686,4564.615273,4384.102457,
196.000000,4459.487070,4014.871697,4187.179385,4145.640924,4688.717834,4058.461439,4076.410157,4323.589638,4647.692194,4247.692204,4552.307581,4426.666558,4557.435786,4377.948611,
197.000000,4452.307583,4005.640928,4179.487077,4141.025540,4685.640911,4056.922978,4067.692208,4317.435792,4641.538348,4243.589640,4544.102453,4417.948610,4551.794760,4372.307585,
198.000000,4455.384506,4008.205030,4181.025539,4140.512719,4689.230655,4059.999901,4064.102465,4315.384510,4634.358861,4236.922973,4543.076812,4421.538353,4553.846042,4371.281944,
199.000000,4463.076814,4017.948620,4190.256308,4146.666565,4691.794757,4058.974260,4063.589644,4317.948612,4639.999887,4242.563999,4551.794760,4428.205020,4562.563991,4376.410149,
200.000000,4463.589634,4019.487081,4195.384513,4149.230668,4691.794757,4058.974260,4064.102465,4314.871689,4646.666553,4249.743486,4556.410145,4428.717840,4565.640914,4382.563995,
201.000000,4457.435788,4013.333235,4191.281949,4144.615283,4691.281937,4064.102465,4067.179388,4311.281946,4642.051169,4243.076819,4549.230658,4426.153738,4556.922965,4378.974252,
202.000000,4453.846045,4009.230671,4185.128103,4141.025540,4693.846039,4066.666567,4065.640926,4312.820407,4637.948605,4233.333230,4543.076812,4417.948610,4547.692196,4369.743483,
203.000000,4453.846045,4009.743492,4185.128103,4144.102463,4691.281937,4059.487080,4063.076824,4311.281946,4637.948605,4235.384512,4544.102453,4411.794764,4546.666555,4364.615278,
204.000000,4456.410147,4010.769133,4191.281949,4147.692206,4684.102450,4052.307593,4064.615285,4312.307587,4639.487066,4234.871691,4546.666555,4417.948610,4548.205017,4367.692201,
205.000000,4461.025532,4013.333235,4195.897333,4147.692206,4685.640911,4055.384516,4068.717849,4318.461433,4642.051169,4234.358871,4547.692196,4425.128097,4550.769119,4378.461431,
206.000000,4463.589634,4017.435799,4193.846051,4145.128104,4692.820398,4061.538362,4068.205029,4319.999894,4644.615271,4239.487076,4548.205017,4421.025533,4553.333222,4380.512713,
207.000000,4462.051173,4019.487081,4195.897333,4147.179386,4692.307578,4058.974260,4066.666567,4312.820407,4643.076810,4239.999896,4547.692196,4418.461430,4553.333222,4373.333226,
208.000000,4460.512711,4012.820415,4201.025538,4152.307591,4690.256296,4057.948619,4067.179388,4307.179382,4637.948605,4234.871691,4549.230658,4423.589635,4554.358863,4374.871688,
209.000000,4463.076814,4008.717851,4200.512718,4150.256309,4692.820398,4066.666567,4068.205029,4316.410151,4641.538348,4240.512717,4551.281940,4428.717840,4555.384504,4378.461431,
210.000000,4465.640916,4015.897338,4200.512718,4150.256309,4691.281937,4067.179388,4066.153747,4325.640920,4652.307579,4248.205024,4552.307581,4427.692199,4557.948606,4378.974252,
211.000000,4465.640916,4019.999902,4203.076820,4154.358873,4689.230655,4058.974260,4060.512721,4314.358869,4647.179374,4242.563999,4555.897324,4424.615276,4558.974247,4382.051175,
212.000000,4464.615275,4015.384517,4197.435795,4150.256309,4692.307578,4056.410157,4057.948619,4298.461433,4630.769118,4237.435794,4552.820401,4419.999892,4554.358863,4379.487072,
213.000000,4464.102455,4012.307594,4189.230667,4143.589642,4694.358860,4056.410157,4059.487080,4302.563997,4629.743477,4237.435794,4544.615273,4415.897328,4551.794760,4373.333226,
214.000000,4464.102455,4016.922979,4192.307590,4147.692206,4691.794757,4055.897337,4059.999901,4316.922971,4639.999887,4240.512717,4546.666555,4420.512712,4559.487068,4379.487072,
215.000000,4463.076814,4017.948620,4195.897333,4148.717847,4688.205014,4055.384516,4058.461439,4315.897330,4641.025528,4244.615281,4553.846042,4425.640917,4563.589632,4387.179380,
216.000000,4461.025532,4014.871697,4189.230667,4143.076822,4687.179373,4054.871696,4060.512721,4308.205023,4636.410143,4245.128101,4552.820401,4419.999892,4555.384504,4381.025534,
217.000000,4462.051173,4016.410158,4188.205026,4144.615283,4691.794757,4061.025542,4067.179388,4311.794766,4638.461425,4245.128101,4547.692196,4415.897328,4552.307581,4374.871688,
218.000000,4463.589634,4018.461440,4194.871692,4152.307591,4693.846039,4063.589644,4070.256311,4317.948612,4644.615271,4243.076819,4546.153735,4418.461430,4556.410145,4377.435790,
219.000000,4466.153737,4016.410158,4196.922974,4151.281950,4686.153732,4055.384516,4066.153747,4316.410151,4647.179374,4239.999896,4545.128094,4416.922969,4555.384504,4379.999893,
220.000000,4468.717839,4016.410158,4194.871692,4150.256309,4684.102450,4053.846055,4062.051183,4312.307587,4644.615271,4237.948614,4550.256299,4416.410148,4552.307581,4382.563995,
221.000000,4470.256301,4023.076825,4195.897333,4152.820411,4693.846039,4063.076824,4065.128106,4317.435792,4642.051169,4239.487076,4555.384504,4419.999892,4558.974247,4387.692200,
222.000000,4470.256301,4027.692209,4197.435795,4152.820411,4698.461424,4065.640926,4066.666567,4320.512715,4644.102451,4242.563999,4552.307581,4418.974251,4567.179375,4390.769123,
223.000000,4473.846044,4026.666568,4196.410154,4151.794770,4698.974244,4061.025542,4063.589644,4313.846048,4643.589630,4243.589640,4550.769119,4415.897328,4564.102452,4386.666559,
224.000000,4473.846044,4024.615286,4195.897333,4151.281950,4701.025526,4060.512721,4065.128106,4312.307587,4641.538348,4243.589640,4553.846042,4419.999892,4563.076811,4384.102457,
225.000000,4466.153737,4020.512722,4192.307590,4147.692206,4694.871680,4062.564003,4067.692208,4318.974253,4644.615271,4244.102460,4554.871683,4422.051174,4565.640914,4386.153739,
226.000000,4460.512711,4013.846056,4188.717846,4142.564001,4684.615270,4063.589644,4063.589644,4315.897330,4645.128092,4246.153742,4551.794760,4418.974251,4562.051170,4386.666559,
227.000000,4462.051173,4010.769133,4191.281949,4143.076822,4686.153732,4058.974260,4059.999901,4309.743484,4644.615271,4246.153742,4548.205017,4421.538353,4555.897324,4387.692200,
228.000000,4466.153737,4014.871697,4199.487077,4149.230668,4691.794757,4057.948619,4064.615285,4320.512715,4651.794758,4243.589640,4552.307581,4432.307584,4557.948606,4393.333226,
229.000000,4475.897326,4024.615286,4207.692205,4153.846052,4694.871680,4064.615285,4069.230670,4328.205022,4655.897322,4250.256306,4567.692196,4446.153737,4570.256298,4406.666559,
230.000000,4486.666557,4033.333235,4211.281948,4156.922975,4697.435783,4064.615285,4066.666567,4320.512715,4648.205015,4258.974255,4576.922965,4446.153737,4579.999888,4415.897328,
231.000000,4486.153736,4032.820414,4209.743487,4158.461437,4695.384501,4056.922978,4065.128106,4311.794766,4641.025528,4250.769127,4565.640914,4434.358866,4577.948606,4412.820405,
232.000000,4482.563993,4025.640927,4207.692205,4155.897334,4692.307578,4059.999901,4068.205029,4310.256305,4639.999887,4237.948614,4553.846042,4429.743481,4570.256298,4407.692200,
233.000000,4483.076813,4022.564004,4207.179384,4153.333232,4692.307578,4069.230670,4070.256311,4313.333228,4641.025528,4239.487076,4555.384504,4433.333225,4567.179375,4406.153738,
234.000000,4477.948608,4023.076825,4206.153743,4152.820411,4693.333219,4068.205029,4070.769131,4317.435792,4642.563989,4241.025537,4557.948606,4431.794763,4566.153734,4404.615277,
235.000000,4475.384506,4022.051184,4205.640923,4153.333232,4693.333219,4062.051183,4070.769131,4318.461433,4645.128092,4237.948614,4552.820401,4430.769122,4562.563991,4403.589636,
236.000000,4479.487070,4022.051184,4203.076820,4153.333232,4692.820398,4061.025542,4069.743490,4324.615279,4654.358861,4246.666563,4552.820401,4433.846045,4564.102452,4404.102456,
237.000000,4474.871685,4022.564004,4197.435795,4151.794770,4690.256296,4062.051183,4069.230670,4331.794766,4663.076809,4256.922973,4559.487068,4429.230661,4566.666555,4402.051174,
238.000000,4464.102455,4017.948620,4192.820410,4146.666565,4687.179373,4062.051183,4073.333234,4320.512715,4652.307579,4248.717845,4556.410145,4423.589635,4562.051170,4398.461431,
239.000000,4465.128096,4012.307594,4190.769128,4142.564001,4688.205014,4063.589644,4076.410157,4310.256305,4640.512707,4233.846050,4545.128094,4419.999892,4553.333222,4392.820405,
240.000000,4471.794762,4014.358876,4190.256308,4144.102463,4690.769116,4066.153747,4075.384516,4321.538356,4651.794758,4237.435794,4548.205017,4416.410148,4552.820401,4388.205021,
241.000000,4469.743480,4015.897338,4192.820410,4145.128104,4691.794757,4069.230670,4075.897336,4329.743484,4658.461425,4244.615281,4558.461427,4422.563994,4559.487068,4392.307585,
242.000000,4463.589634,4009.743492,4193.846051,4142.051181,4691.794757,4067.692208,4075.897336,4318.974253,4644.615271,4235.897332,4554.358863,4428.205020,4558.461427,4395.384508,
243.000000,4470.256301,4007.692210,4194.358872,4142.051181,4692.307578,4065.128106,4072.820413,4318.461433,4638.974246,4229.230666,4550.256299,4428.717840,4554.358863,4393.333226,
244.000000,4479.999890,4013.846056,4202.564000,4147.179386,4693.846039,4064.615285,4072.820413,4328.205022,4650.256297,4238.461435,4557.435786,4433.333225,4558.461427,4397.435790,
245.000000,4477.948608,4017.435799,4205.640923,4150.256309,4695.897321,4063.589644,4070.769131,4322.051176,4652.307579,4248.205024,4560.512709,4431.281943,4562.563991,4401.025533,
246.000000,4474.871685,4015.384517,4197.948615,4144.615283,4695.897321,4061.025542,4067.179388,4317.948612,4649.230656,4245.128101,4559.999888,4423.589635,4561.538350,4397.435790,
247.000000,4475.897326,4014.871697,4192.307590,4143.076822,4694.871680,4062.564003,4070.256311,4325.128099,4656.922963,4241.538358,4564.102452,4424.615276,4561.538350,4396.922969,
248.000000,4470.256301,4016.922979,4192.307590,4147.692206,4693.846039,4066.153747,4073.333234,4324.615279,4661.025527,4244.615281,4558.461427,4423.589635,4563.589632,4396.922969,
249.000000,4466.666557,4017.435799,4191.281949,4148.717847,4691.281937,4064.615285,4071.794772,4315.897330,4652.820399,4248.205024,4544.102453,4416.410148,4559.999888,4389.743482,
250.000000,4469.230660,4010.256312,4191.281949,4142.564001,4690.769116,4062.051183,4073.333234,4316.922971,4645.128092,4243.076819,4544.615273,4418.974251,4552.820401,4386.666559,
251.000000,4469.230660,4006.666569,4193.846051,4139.999899,4693.846039,4064.102465,4076.922977,4324.615279,4647.692194,4234.871691,4552.820401,4421.025533,4549.230658,4386.666559,
252.000000,4464.615275,4010.769133,4190.769128,4140.512719,4692.307578,4065.128106,4074.871695,4322.051176,4650.256297,4232.307589,4545.640914,4414.871687,4550.256299,4382.051175,
253.000000,4458.461429,4010.769133,4184.615282,4138.461437,4688.717834,4064.615285,4073.846054,4312.307587,4645.128092,4231.794768,4536.410145,4410.256302,4549.230658,4378.461431,
254.000000,4457.435788,4010.256312,4186.153744,4137.435796,4692.307578,4066.153747,4075.384516,4310.769125,4641.538348,4233.846050,4544.102453,4410.256302,4545.640914,4381.538354,
255.000000,4465.128096,4016.410158,4195.384513,4144.615283,4696.410142,4068.205029,4075.384516,4318.974253,4645.640912,4234.871691,4548.717837,4415.384507,4549.230658,4385.128098,
256.000000,4473.333224,4019.487081,4198.974256,4149.743488,4695.897321,4068.205029,4077.948618,4319.487074,4646.153733,4232.307589,4543.076812,4419.999892,4554.358863,4384.615277,
257.000000,4473.846044,4017.435799,4195.384513,4146.666565,4696.922962,4067.692208,4076.922977,4314.871689,4639.999887,4230.769127,4544.102453,4416.410148,4552.307581,4383.589636,
258.000000,4474.358865,4019.487081,4196.922974,4145.640924,4699.487065,4066.153747,4073.846054,4318.974253,4642.563989,4232.307589,4550.769119,4417.435789,4553.846042,4388.205021,
259.000000,4478.974249,4021.538363,4201.538359,4146.666565,4699.487065,4064.615285,4075.384516,4326.666561,4647.692194,4234.871691,4553.846042,4427.692199,4559.487068,4396.922969,
260.000000,4481.538352,4018.974261,4202.564000,4145.128104,4698.461424,4065.128106,4075.897336,4324.615279,4646.153733,4235.384512,4553.846042,4429.230661,4557.948606,4397.948610,
261.000000,4484.615275,4023.589645,4205.640923,4149.230668,4702.563988,4063.589644,4072.307593,4314.871689,4645.128092,4238.974255,4556.410145,4425.640917,4557.435786,4395.384508,
262.000000,4485.640916,4024.102466,4208.205025,4154.358873,4704.102449,4060.512721,4073.333234,4317.435792,4646.666553,4241.538358,4560.512709,4425.640917,4564.102452,4394.871687,
263.000000,4481.538352,4018.974261,4203.589641,4150.769129,4696.922962,4059.999901,4073.333234,4324.615279,4647.179374,4236.922973,4558.974247,4425.640917,4564.102452,4393.333226,
264.000000,4478.974249,4020.512722,4198.974256,4148.205027,4693.846039,4056.410157,4067.692208,4315.897330,4646.666553,4232.820409,4557.435786,4426.153738,4561.538350,4391.794764,
265.000000,4477.948608,4021.538363,4198.461436,4149.230668,4697.435783,4053.846055,4063.076824,4302.563997,4638.974246,4229.743486,4554.871683,4422.051174,4558.461427,4388.205021,
266.000000,4472.307583,4016.410158,4195.897333,4144.615283,4696.922962,4056.410157,4061.025542,4303.076818,4628.717836,4222.051179,4547.179376,4411.794764,4550.769119,4379.999893,
267.000000,4471.794762,4015.897338,4195.384513,4142.564001,4696.410142,4058.461439,4063.589644,4312.307587,4631.794759,4218.461435,4547.179376,4411.794764,4550.769119,4384.102457,
268.000000,4481.025531,4022.051184,4198.974256,4146.153745,4699.487065,4057.948619,4065.640926,4316.922971,4640.512707,4226.666563,4557.435786,4425.640917,4558.461427,4397.948610,
269.000000,4485.128095,4023.076825,4203.076820,4150.769129,4697.435783,4057.435798,4063.589644,4312.307587,4642.563989,4232.820409,4558.461427,4432.820404,4558.461427,4401.538354,
270.000000,4478.974249,4019.487081,4205.640923,4149.230668,4691.794757,4056.922978,4062.051183,4306.666561,4639.999887,4230.769127,4548.205017,4428.205020,4555.384504,4394.871687,
271.000000,4474.871685,4016.410158,4200.512718,4144.615283,4689.230655,4055.897337,4063.589644,4305.128100,4635.897323,4225.640922,4547.179376,4419.999892,4554.358863,4388.205021,
272.000000,4473.846044,4014.358876,4192.307590,4142.051181,4687.179373,4053.846055,4060.512721,4306.666561,4633.846041,4226.666563,4551.281940,4414.871687,4552.820401,4384.615277,
273.000000,4473.846044,4013.846056,4190.256308,4143.076822,4689.743475,4051.281952,4057.435798,4303.076818,4633.846041,4231.794768,4551.794760,4415.897328,4553.333222,4386.666559,
274.000000,4474.358865,4016.410158,4191.794769,4143.076822,4692.820398,4049.743491,4057.948619,4301.538356,4633.333220,4231.794768,4552.820401,4421.025533,4561.538350,4392.307585,
275.000000,4476.410147,4020.512722,4192.307590,4141.025540,4693.333219,4047.179388,4058.461439,4309.743484,4631.281938,4230.769127,4553.846042,4424.102456,4562.563991,4395.897328,
276.000000,4483.076813,4021.538363,4197.948615,4145.640924,4694.358860,4046.666568,4058.461439,4313.846048,4632.820400,4236.410153,4553.846042,4424.615276,4558.974247,4399.999892,
277.000000,4485.640916,4024.615286,4205.128102,4152.820411,4693.333219,4049.230670,4060.512721,4306.666561,4636.410143,4236.410153,4554.871683,4421.538353,4559.999888,4401.538354,
278.000000,4479.487070,4025.640927,4201.538359,4152.820411,4690.769116,4047.179388,4062.564003,4306.153741,4636.922964,4227.692204,4551.794760,4418.974251,4559.999888,4394.871687,
279.000000,4478.974249,4020.512722,4195.897333,4149.743488,4694.871680,4041.538363,4062.051183,4313.333228,4635.897323,4228.205025,4551.281940,4422.563994,4560.512709,4394.358867,
280.000000,4486.153736,4022.051184,4199.487077,4153.333232,4703.076808,4042.051183,4063.589644,4312.820407,4638.461425,4238.461435,4560.512709,4425.128097,4567.179375,4401.538354,
281.000000,4488.205018,4029.230671,4204.102461,4158.974257,4706.153731,4048.205029,4065.640926,4310.769125,4643.589630,4245.128101,4568.717837,4420.512712,4570.256298,4403.076815,
282.000000,4487.179377,4029.743491,4200.512718,4157.948616,4707.692193,4049.743491,4064.615285,4313.846048,4644.615271,4239.999896,4565.640914,4416.922969,4565.128093,4397.435790,
283.000000,4486.153736,4024.615286,4197.435795,4152.307591,4706.153731,4047.179388,4064.102465,4314.871689,4644.102451,4235.384512,4559.487068,4419.999892,4565.128093,4393.846046,
284.000000,4478.974249,4021.538363,4196.410154,4148.205027,4697.435783,4044.102465,4066.153747,4313.846048,4645.128092,4239.487076,4559.999888,4420.512712,4561.025529,4392.820405,
285.000000,4474.871685,4019.487081,4193.333231,4148.205027,4691.794757,4045.128106,4067.692208,4314.358869,4646.153733,4241.538358,4558.461427,4414.358866,4552.307581,4391.794764,
286.000000,4475.384506,4016.410158,4190.256308,4146.666565,4693.846039,4047.179388,4064.615285,4317.435792,4647.179374,4238.461435,4553.333222,4409.743482,4555.897324,4386.666559,
287.000000,4476.410147,4019.487081,4191.794769,4145.640924,4701.538347,4043.589645,4061.025542,4317.435792,4649.743476,4243.589640,4557.435786,4411.281943,4567.179375,4385.128098,
288.000000,4479.999890,4027.179389,4196.922974,4149.743488,4702.051167,4038.461440,4057.948619,4310.256305,4649.230656,4249.743486,4564.615273,4419.487071,4569.743478,4395.897328,
289.000000,4477.435788,4021.538363,4197.948615,4148.717847,4691.794757,4035.897337,4058.974260,4309.230664,4638.974246,4236.922973,4555.897324,4421.538353,4557.435786,4394.358867,
290.000000,4471.281942,4008.205030,4198.974256,4143.076822,4691.794757,4037.435799,4064.615285,4316.410151,4633.333220,4227.692204,4551.281940,4415.384507,4548.717837,4381.025534,
291.000000,4472.307583,4012.307594,4201.538359,4146.153745,4702.563988,4041.538363,4065.128106,4316.922971,4643.589630,4238.461435,4566.666555,4413.333225,4559.999888,4384.615277,
292.000000,4474.358865,4027.179389,4201.538359,4150.769129,4704.615270,4043.589645,4063.076824,4310.256305,4647.179374,4249.743486,4570.256298,4415.384507,4572.820401,4391.281944,
293.000000,4472.307583,4030.769132,4203.589641,4149.743488,4700.512706,4046.153747,4068.717849,4312.820407,4643.076810,4250.256306,4564.615273,4415.384507,4574.871683,4387.179380,
294.000000,4474.358865,4024.615286,4209.743487,4150.256309,4703.076808,4045.640927,4071.794772,4321.538356,4651.794758,4250.769127,4572.820401,4418.974251,4576.410145,4388.717841,
295.000000,4476.922967,4022.051184,4211.794769,4150.256309,4701.538347,4037.948619,4066.666567,4323.589638,4659.487066,4254.358870,4576.922965,4424.615276,4575.897324,4395.384508,
296.000000,4472.820403,4021.538363,4209.230666,4147.179386,4692.307578,4031.281953,4063.076824,4317.948612,4647.179374,4250.769127,4570.769119,4422.051174,4571.281939,4391.794764,
297.000000,4468.717839,4020.512722,4202.564000,4144.615283,4690.256296,4032.307594,4063.589644,4315.384510,4635.384502,4239.487076,4565.128093,4415.384507,4564.615273,4382.563995,
298.000000,4462.563993,4015.384517,4194.871692,4142.051181,4696.410142,4036.922978,4062.051183,4316.410151,4634.358861,4227.179384,4551.281940,4410.256302,4555.897324,4375.384508,
299.000000,4453.846045,4010.256312,4197.948615,4140.512719,4695.897321,4041.025542,4060.512721,4316.922971,4637.435784,4226.153743,4547.179376,4408.205020,4549.743478,4371.794765,
300.000000,4455.384506,4010.256312,4206.666564,4142.564001,4689.230655,4040.512722,4062.564003,4319.487074,4642.563989,4238.974255,4564.615273,4410.769123,4554.871683,4378.461431,
301.000000,4464.615275,4016.410158,4210.256307,4148.205027,4692.307578,4038.974260,4065.128106,4323.589638,4649.230656,4251.794768,4573.846042,4417.435789,4566.153734,4384.615277,
302.000000,4464.615275,4021.538363,4210.256307,4151.281950,4696.922962,4041.538363,4069.230670,4327.692202,4654.871681,4257.948614,4568.205016,4422.563994,4573.333222,4385.640918,
303.000000,4458.461429,4018.974261,4207.179384,4144.615283,4692.820398,4038.461440,4073.333234,4327.692202,4653.846040,4253.333229,4568.717837,4420.512712,4570.769119,4384.102457,
304.000000,4461.025532,4013.846056,4205.128102,4138.461437,4689.743475,4027.179389,4070.769131,4319.487074,4642.563989,4245.128101,4567.692196,4417.948610,4562.051170,4377.948611,
305.000000,4466.153737,4018.461440,4207.179384,4144.102463,4692.307578,4027.692209,4068.205029,4316.410151,4638.974246,4243.076819,4561.538350,4420.512712,4558.461427,4376.922970,
306.000000,4467.692198,4026.153748,4211.281948,4151.281950,4691.281937,4038.461440,4070.769131,4321.025535,4648.717835,4243.589640,4564.615273,4418.974251,4563.076811,4382.051175,
307.000000,4472.820403,4025.640927,4215.384512,4154.358873,4690.769116,4043.076824,4070.256311,4318.461433,4650.769117,4242.563999,4567.179375,4416.922969,4564.615273,4380.512713,
308.000000,4477.948608,4026.666568,4221.025538,4160.512719,4695.384501,4039.999901,4069.743490,4315.384510,4646.153733,4242.051178,4565.640914,4423.076815,4566.153734,4380.512713,
309.000000,4482.051172,4033.846055,4225.640922,4160.512719,4698.974244,4038.461440,4071.794772,4320.512715,4648.205015,4245.128101,4572.307581,4431.794763,4576.922965,4393.333226,
310.000000,4483.589634,4032.820414,4227.179384,4154.358873,4695.897321,4042.564004,4071.281952,4321.025535,4649.743476,4253.846050,4579.487068,4434.358866,4584.102452,4401.538354,
311.000000,4481.025531,4025.128107,4225.128102,4152.820411,4692.820398,4046.666568,4070.256311,4319.487074,4650.769117,4259.487075,4578.974247,4431.281943,4577.435786,4393.846046,
312.000000,4477.435788,4025.640927,4223.076820,4152.820411,4699.999885,4045.128106,4071.794772,4322.563997,4655.897322,4257.948614,4575.384504,4428.717840,4577.948606,4390.769123,
313.000000,4478.461429,4032.307594,4222.563999,4154.358873,4701.538347,4041.025542,4069.743490,4319.999894,4656.410143,4256.410152,4572.820401,4430.769122,4581.025529,4394.358867,
314.000000,4477.948608,4030.769132,4219.999897,4157.435796,4692.307578,4038.974260,4067.179388,4314.871689,4647.692194,4248.717845,4564.615273,4426.666558,4568.205016,4388.205021,
315.000000,4469.230660,4022.564004,4212.307589,4151.281950,4689.743475,4037.435799,4068.717849,4313.333228,4641.025528,4233.846050,4559.487068,4414.358866,4555.384504,4377.435790,
316.000000,4461.538352,4016.922979,4207.179384,4141.025540,4693.333219,4038.974260,4068.717849,4318.974253,4646.153733,4235.384512,4563.076811,4410.256302,4558.461427,4374.358867,
317.000000,4465.128096,4017.948620,4209.743487,4146.153745,4692.820398,4038.461440,4066.666567,4327.179381,4657.435784,4249.743486,4567.179375,4417.948610,4567.179375,4380.512713,
318.000000,4474.871685,4022.564004,4217.948615,4156.410155,4694.871680,4034.871696,4067.179388,4326.153740,4660.512707,4253.846050,4569.743478,4424.102456,4573.333222,4386.666559,
319.000000,4479.487070,4029.743491,4226.153743,4157.948616,4699.487065,4038.461440,4072.820413,4318.974253,4653.846040,4253.846050,4569.743478,4425.640917,4574.358863,4388.205021,
320.000000,4476.922967,4031.794773,4226.153743,4157.948616,4697.435783,4044.615286,4073.846054,4318.461433,4651.281938,4251.281947,4564.615273,4424.102456,4569.743478,4385.640918,
321.000000,4469.743480,4023.076825,4217.948615,4154.871693,4694.871680,4040.512722,4067.692208,4316.410151,4649.230656,4238.461435,4559.487068,4416.922969,4565.640914,4381.538354,
322.000000,4467.692198,4019.487081,4216.410153,4151.281950,4699.487065,4034.871696,4065.640926,4313.846048,4643.076810,4236.410153,4563.589632,4414.871687,4565.640914,4379.487072,
323.000000,4476.922967,4029.743491,4225.128102,4157.948616,4702.563988,4035.897337,4066.153747,4320.512715,4648.205015,4249.230665,4569.743478,4424.102456,4568.205016,4383.076816,
324.000000,4481.025531,4035.384517,4229.743486,4165.128103,4701.025526,4034.358876,4065.128106,4322.051176,4655.384502,4253.333229,4566.666555,4429.743481,4566.666555,4389.743482,
325.000000,4473.333224,4029.743491,4223.589640,4160.512719,4696.410142,4030.256312,4063.589644,4313.846048,4646.153733,4247.692204,4560.512709,4422.563994,4566.666555,4387.692200,
326.000000,4471.794762,4026.666568,4217.435794,4154.358873,4693.333219,4030.769132,4061.025542,4313.333228,4639.487066,4247.179383,4561.025529,4416.922969,4570.769119,4383.076816,
327.000000,4478.461429,4031.281953,4217.948615,4155.897334,4692.307578,4037.435799,4059.487080,4317.948612,4646.666553,4245.128101,4567.692196,4418.461430,4569.230657,4386.153739,
328.000000,4477.948608,4031.794773,4221.538358,4156.410155,4697.435783,4044.615286,4061.538362,4313.333228,4647.179374,4244.615281,4565.640914,4417.948610,4564.615273,4386.666559,
329.000000,4475.897326,4026.153748,4223.589640,4154.871693,4704.102449,4041.538363,4061.538362,4308.717843,4642.051169,4245.128101,4558.461427,4417.948610,4565.640914,4381.538354,
330.000000,4477.435788,4026.153748,4222.051179,4151.794770,4698.974244,4029.743491,4059.999901,4313.846048,4645.640912,4239.999896,4562.051170,4421.025533,4568.717837,4385.640918,
331.000000,4476.410147,4025.640927,4221.025538,4148.717847,4689.230655,4028.205030,4062.564003,4316.410151,4646.153733,4239.999896,4566.666555,4422.051174,4568.717837,4391.794764,
332.000000,4473.846044,4018.974261,4222.563999,4149.743488,4691.794757,4038.461440,4066.666567,4315.897330,4642.051169,4240.512717,4561.025529,4423.076815,4564.615273,4388.205021,
333.000000,4473.846044,4014.871697,4219.487076,4148.717847,4694.871680,4036.410158,4064.615285,4317.435792,4644.615271,4233.846050,4554.358863,4424.615276,4557.435786,4383.076816,
334.000000,4473.333224,4016.922979,4209.743487,4144.615283,4692.820398,4029.230671,4061.538362,4312.307587,4641.025528,4230.256307,4550.769119,4418.461430,4552.307581,4380.512713,
335.000000,4472.307583,4018.974261,4209.743487,4147.179386,4696.922962,4032.820414,4062.564003,4307.179382,4636.922964,4233.333230,4549.230658,4415.384507,4554.358863,4381.025534,
336.000000,4479.487070,4024.615286,4222.051179,4155.897334,4702.051167,4039.487081,4065.128106,4314.871689,4644.615271,4240.512717,4555.384504,4424.102456,4564.102452,4389.230662,
337.000000,4489.743480,4032.307594,4224.102461,4161.538360,4702.051167,4039.487081,4066.666567,4319.487074,4647.179374,4246.153742,4561.538350,4428.205020,4569.743478,4395.897328,
338.000000,4489.230659,4029.743491,4216.410153,4159.999898,4703.076808,4038.461440,4067.179388,4310.769125,4641.538348,4243.076819,4559.487068,4427.179379,4567.179375,4393.846046,
339.000000,4484.615275,4025.640927,4215.897333,4156.410155,4702.563988,4038.461440,4065.128106,4308.205023,4643.076810,4237.948614,4555.384504,4429.230661,4565.640914,4391.794764,
340.000000,4487.692198,4032.820414,4224.102461,4161.025539,4702.051167,4041.025542,4067.179388,4316.410151,4647.179374,4244.102460,4555.384504,4432.820404,4571.794760,4397.435790,
341.000000,4491.794762,4040.512722,4227.692204,4170.769129,4708.205013,4049.230670,4070.256311,4317.435792,4644.102451,4245.128101,4561.025529,4431.281943,4576.410145,4401.538354,
342.000000,4490.256300,4037.435799,4228.717845,4171.281949,4713.846039,4053.333234,4067.179388,4314.871689,4641.025528,4237.948614,4561.538350,4425.640917,4569.743478,4396.410149,
343.000000,4485.128095,4031.794773,4227.179384,4164.102462,4708.717834,4044.102465,4065.640926,4315.384510,4639.999887,4236.922973,4553.846042,4421.025533,4563.589632,4387.692200,
344.000000,4480.512711,4029.230671,4219.999897,4158.461437,4704.615270,4037.435799,4068.205029,4313.846048,4643.589630,4239.487076,4551.281940,4417.435789,4567.692196,4385.640918,
345.000000,4474.358865,4023.589645,4211.281948,4152.820411,4708.205013,4040.512722,4068.717849,4316.922971,4649.230656,4239.999896,4550.256299,4408.717841,4559.487068,4381.025534,
346.000000,4469.743480,4019.999902,4209.230666,4149.230668,4708.717834,4043.076824,4068.717849,4324.102458,4647.692194,4239.487076,4541.538350,4402.563995,4545.640914,4373.846047,
347.000000,4478.461429,4028.205030,4216.922974,4158.461437,4705.128090,4041.538363,4067.179388,4320.512715,4647.179374,4244.615281,4547.692196,4413.333225,4564.102452,4384.102457,
348.000000,4491.794762,4033.333235,4227.692204,4167.179385,4706.666552,4041.538363,4066.153747,4315.897330,4651.281938,4250.769127,4566.666555,4427.692199,4590.256298,4401.025533,
349.000000,4489.230659,4027.179389,4229.230666,4162.051180,4706.153731,4038.461440,4064.615285,4317.948612,4649.743476,4244.615281,4563.589632,4428.717840,4579.999888,4399.487072,
350.000000,4480.512711,4024.102466,4222.051179,4157.435796,4697.435783,4033.846055,4060.512721,4310.769125,4644.615271,4236.922973,4545.640914,4424.102456,4562.563991,4387.692200,
351.000000,4481.538352,4029.230671,4223.076820,4162.051180,4694.358860,4034.358876,4059.487080,4303.589638,4643.589630,4237.948614,4550.769119,4425.128097,4569.230657,4386.666559,
352.000000,4484.102454,4029.743491,4226.153743,4164.615283,4702.563988,4035.897337,4062.564003,4311.281946,4645.640912,4243.076819,4565.128093,4428.205020,4579.487068,4392.820405,
353.000000,4478.461429,4024.615286,4219.487076,4158.974257,4706.153731,4033.846055,4061.025542,4315.384510,4644.615271,4242.563999,4558.974247,4423.076815,4573.333222,4390.769123,
354.000000,4472.820403,4019.999902,4210.256307,4153.846052,4701.025526,4031.794773,4061.025542,4315.384510,4641.025528,4237.435794,4544.102453,4410.769123,4560.512709,4377.948611,
355.000000,4468.717839,4017.948620,4206.153743,4149.743488,4701.025526,4035.384517,4067.692208,4320.512715,4642.563989,4231.281948,4542.051171,4405.640918,4560.512709,4369.743483,
356.000000,4465.128096,4019.487081,4205.640923,4150.256309,4706.666552,4039.999901,4069.743490,4317.948612,4646.666553,4229.230666,4544.615273,4409.743482,4564.615273,4372.307585,
357.000000,4466.153737,4019.999902,4205.640923,4152.820411,4704.102449,4037.948619,4067.692208,4309.230664,4643.589630,4233.333230,4541.538350,4411.281943,4558.974247,4374.871688,
358.000000,4470.769121,4019.999902,4205.640923,4151.281950,4700.512706,4037.435799,4071.281952,4311.281946,4642.051169,4233.846050,4543.589632,4412.307584,4558.974247,4375.384508,
359.000000,4473.846044,4023.076825,4208.205025,4153.333232,4705.640911,4041.025542,4076.922977,4318.461433,4651.794758,4235.897332,4552.307581,4419.999892,4568.717837,4379.999893,
360.000000,4476.410147,4027.692209,4215.897333,4159.487078,4708.205013,4042.051183,4076.410157,4320.512715,4658.974245,4243.076819,4553.846042,4426.666558,4577.435786,4387.692200,
361.000000,4480.512711,4031.281953,4219.487076,4159.999898,4705.128090,4043.076824,4071.281952,4319.487074,4657.435784,4250.769127,4556.410145,4426.666558,4581.538350,4394.871687,
362.000000,4482.563993,4030.256312,4220.512717,4157.435796,4707.179372,4045.128106,4067.179388,4321.538356,4658.974245,4252.307588,4568.717837,4430.256302,4585.640914,4401.025533,
363.000000,4481.025531,4023.076825,4222.563999,4157.948616,4708.205013,4042.051183,4063.589644,4319.999894,4656.410143,4246.153742,4571.281939,4434.358866,4581.025529,4398.974251,
364.000000,4479.487070,4018.974261,4222.563999,4158.461437,4699.487065,4037.435799,4059.487080,4312.307587,4646.666553,4242.051178,4558.974247,4429.743481,4573.333222,4391.794764,
365.000000,4480.512711,4024.615286,4222.051179,4157.435796,4694.871680,4035.897337,4058.461439,4314.358869,4648.717835,4245.640922,4553.846042,4426.153738,4576.922965,4391.281944,
366.000000,4476.922967,4028.205030,4218.974256,4158.461437,4701.025526,4032.820414,4061.025542,4321.538356,4656.922963,4247.692204,4555.384504,4423.589635,4582.563991,4391.281944,
367.000000,4475.384506,4021.538363,4214.871692,4156.410155,4703.589629,4034.358876,4063.589644,4318.461433,4651.794758,4239.999896,4551.281940,4417.948610,4574.358863,4383.076816,
368.000000,4480.512711,4019.999902,4217.435794,4155.384514,4703.076808,4040.512722,4067.179388,4314.871689,4646.666553,4236.922973,4549.743478,4416.410148,4565.640914,4382.051175,
369.000000,4479.999890,4023.076825,4217.948615,4155.384514,4707.179372,4041.538363,4066.666567,4315.384510,4646.666553,4237.948614,4548.205017,4418.461430,4569.230657,4386.153739,
370.000000,4469.743480,4021.025543,4209.743487,4149.230668,4705.640911,4035.384517,4061.025542,4311.794766,4638.974246,4232.820409,4543.076812,4415.384507,4569.230657,4381.538354,
371.000000,4466.666557,4015.897338,4206.666564,4144.615283,4694.871680,4030.256312,4057.435798,4311.281946,4637.435784,4232.820409,4542.563991,4411.281943,4564.102452,4375.897329,
372.000000,4472.307583,4014.871697,4213.333230,4147.692206,4697.435783,4033.333235,4062.564003,4315.897330,4648.717835,4241.538358,4549.743478,4413.846046,4566.666555,4380.512713,
373.000000,4477.435788,4021.538363,4221.538358,4154.358873,4709.230654,4041.538363,4068.205029,4317.948612,4650.769117,4246.153742,4559.487068,4423.589635,4575.897324,4390.769123,
374.000000,4478.974249,4021.538363,4221.538358,4154.358873,4704.615270,4040.512722,4066.153747,4314.358869,4647.692194,4243.589640,4557.435786,4427.692199,4578.461427,4392.820405,
375.000000,4467.692198,4003.589646,4211.794769,4143.076822,4690.769116,4030.769132,4064.615285,4314.871689,4653.846040,4242.563999,4547.692196,4417.948610,4571.794760,4384.102457,
376.000000,4459.487070,3999.487082,4204.102461,4136.922976,4689.743475,4027.179389,4065.128106,4315.897330,4655.384502,4243.589640,4547.179376,4409.743482,4565.128093,4377.435790,
377.000000,4469.743480,4021.025543,4206.153743,4146.153745,4699.487065,4030.769132,4057.948619,4310.769125,4644.615271,4239.487076,4549.230658,4414.358866,4561.538350,4379.999893,
378.000000,4478.974249,4029.743491,4212.820410,4151.794770,4704.615270,4035.384517,4054.358875,4311.281946,4638.974246,4229.743486,4539.999889,4418.974251,4560.512709,4380.512713,
379.000000,4479.999890,4021.538363,4216.410153,4150.769129,4704.102449,4034.358876,4061.025542,4315.384510,4644.615271,4229.743486,4535.384504,4416.922969,4562.563991,4382.051175,
380.000000,4479.999890,4020.512722,4213.333230,4153.846052,4702.563988,4029.230671,4064.615285,4310.769125,4646.153733,4235.897332,4541.538350,4417.435789,4563.076811,4386.153739,
381.000000,4475.384506,4019.999902,4203.076820,4154.358873,4702.563988,4029.743491,4058.974260,4303.076818,4635.384502,4227.692204,4535.384504,4417.948610,4554.358863,4378.461431,
382.000000,4471.281942,4015.897338,4195.897333,4152.307591,4703.076808,4034.358876,4061.538362,4305.128100,4630.769118,4220.512717,4529.230658,4415.384507,4551.281940,4372.820406,
383.000000,4478.461429,4021.025543,4199.487077,4155.384514,4702.563988,4036.410158,4066.666567,4312.307587,4644.102451,4229.743486,4538.461427,4419.487071,4562.051170,4381.538354,
384.000000,4478.461429,4023.076825,4202.564000,4154.871693,4704.102449,4035.384517,4066.666567,4320.512715,4656.922963,4240.512717,4548.205017,4421.025533,4566.153734,4385.640918,
385.000000,4475.384506,4022.051184,4201.538359,4152.307591,4705.128090,4036.922978,4069.743490,4327.692202,4655.384502,4242.563999,4548.717837,4418.974251,4563.589632,4385.640918,
386.000000,4487.692198,4031.794773,4206.153743,4157.435796,4706.153731,4041.025542,4072.820413,4328.717843,4653.846040,4245.128101,4550.256299,4426.666558,4574.871683,4399.487072,
387.000000,4498.974249,4042.051183,4214.358871,4164.102462,4708.205013,4041.538363,4069.743490,4326.666561,4654.358861,4247.692204,4553.333222,4435.897327,4588.717837,4412.307584,
388.000000,4499.999890,4043.076824,4215.384512,4167.179385,4710.769116,4039.999901,4069.743490,4321.025535,4648.717835,4244.102460,4553.333222,4431.794763,4587.179375,4413.846046,
389.000000,4495.897326,4035.384517,4210.769128,4160.512719,4706.666552,4038.461440,4075.897336,4318.461433,4642.563989,4237.948614,4550.769119,4425.640917,4578.974247,4414.358866,
390.000000,4492.820403,4031.281953,4205.128102,4152.820411,4698.974244,4034.871696,4077.435798,4323.589638,4646.153733,4236.410153,4545.128094,4427.179379,4581.025529,4415.384507,
391.000000,4513.846043,4057.948619,4210.769128,4175.897334,4712.307577,4039.487081,4075.384516,4336.922971,4666.153732,4256.410152,4558.461427,4439.487071,4605.128093,4435.384507,
392.000000,4562.563991,4105.640925,4234.871691,4214.871692,4746.153730,4057.435798,4075.384516,4343.076817,4691.794757,4290.769126,4595.897324,4468.205019,4645.640912,4484.102454,
393.000000,4579.487068,4113.333233,4252.307588,4211.281948,4743.076807,4053.846055,4070.256311,4324.615279,4678.461424,4284.615280,4600.512708,4479.487070,4653.846040,4501.025531,
394.000000,4556.922965,4083.076823,4244.102460,4183.076821,4708.717834,4029.743491,4062.051183,4299.487074,4641.538348,4246.153742,4569.230657,4457.435788,4624.102451,4471.794762,
395.000000,4552.820401,4078.974259,4233.846050,4184.615282,4706.153731,4030.256312,4059.999901,4298.461433,4637.435784,4236.922973,4565.128093,4446.153737,4616.410144,4464.615275,
396.000000,4551.281940,4078.461439,4230.256307,4183.589641,4709.230654,4037.948619,4062.564003,4306.153741,4642.051169,4241.538358,4570.769119,4447.692199,4617.435785,4467.692198,
397.000000,4536.922966,4063.589644,4224.102461,4171.794770,4693.333219,4027.692209,4064.102465,4307.179382,4637.948605,4238.974255,4563.589632,4445.640917,4609.230657,4453.333224,
398.000000,4534.358863,4061.538362,4229.230666,4177.435795,4693.846039,4023.589645,4068.717849,4312.820407,4646.153733,4248.717845,4564.615273,4447.179378,4611.281939,4446.666558,
399.000000,4533.333222,4062.564003,4239.487076,4179.999898,4701.025526,4029.230671,4074.358875,4322.563997,4651.794758,4252.820409,4565.128093,4446.666558,4609.743477,4445.128096,
400.000000,4524.615274,4057.948619,4238.461435,4171.281949,4700.512706,4032.307594,4074.358875,4321.538356,4648.717835,4244.102460,4555.897324,4442.563994,4599.487067,4435.897327,
