1.000000,4415.897328,4106.666566,4212.820410,4062.564003,4667.179373,4039.487081,3987.179390,4309.743484,4612.820400,4194.358872,4498.461428,3933.846058,4546.153735,4325.640920,
2.000000,4417.435789,4106.153746,4210.256307,4060.512721,4664.102450,4038.974260,3991.281954,4307.179382,4611.794759,4180.512718,4495.897326,3931.794776,4536.410145,4325.128099,
3.000000,4420.512712,4105.640925,4209.230666,4056.410157,4655.897322,4031.794773,3987.179390,4304.102459,4609.230657,4184.102462,4487.179377,3922.564007,4529.230658,4325.640920,
4.000000,4424.102456,4106.666566,4210.256307,4058.974260,4653.333220,4030.769132,3981.025544,4300.512715,4607.692195,4175.384513,4487.179377,3918.974263,4535.384504,4329.230663,
5.000000,4435.897327,4115.897335,4219.999897,4072.307593,4667.179373,4039.999901,3990.769133,4307.692202,4615.384503,4182.564000,4502.563992,3924.615289,4542.563991,4341.025535,
6.000000,4427.692199,4104.615284,4215.384512,4062.051183,4666.153732,4035.897337,3987.179390,4304.615279,4601.538349,4179.487077,4489.230659,3917.948622,4523.589633,4332.307586,
7.000000,4431.281943,4106.666566,4218.974256,4065.640926,4668.205014,4043.076824,3990.256313,4305.128100,4601.025529,4168.717847,4490.256300,3924.102468,4531.794761,4330.769125,
8.000000,4433.333225,4111.281951,4221.025538,4069.230670,4662.563989,4043.076824,3991.794774,4303.076818,4606.153734,4167.179385,4497.435787,3921.538366,4541.538350,4329.743484,
9.000000,4422.051174,4104.102464,4212.307589,4056.922978,4657.948604,4032.820414,3985.128108,4297.948613,4596.922965,4175.384513,4482.563993,3907.692212,4526.666556,4321.025535,
10.000000,4444.615276,4126.666566,4228.205025,4075.897336,4679.999886,4045.640927,4001.538364,4315.897330,4616.410144,4199.487077,4499.487069,3924.615289,4548.205017,4343.076817,
11.000000,4449.743481,4125.640925,4229.743486,4077.948618,4664.615271,4039.999901,3994.358877,4311.794766,4617.948605,4188.205026,4505.640915,3929.230673,4555.897324,4347.692201,
12.000000,4439.999891,4113.333233,4225.128102,4068.717849,4657.435784,4036.410158,3990.769133,4304.102459,4606.153734,4179.487077,4501.025531,3921.538366,4542.051171,4340.512714,
13.000000,4448.205019,4127.692207,4235.384512,4081.025541,4684.615270,4052.820414,4009.743492,4315.897330,4619.487067,4196.922974,4516.410146,3925.640930,4549.743478,4349.230663,
14.000000,4430.769122,4115.897335,4221.538358,4070.769131,4666.666553,4037.948619,3990.256313,4297.948613,4607.692195,4177.948616,4501.025531,3917.435802,4537.435786,4332.820407,
15.000000,4430.769122,4113.846053,4221.538358,4072.307593,4661.025527,4031.281953,3979.487082,4295.897331,4606.666554,4176.410154,4493.846044,3922.564007,4536.922966,4331.794766,
16.000000,4439.999891,4115.897335,4226.666563,4074.871695,4669.743476,4037.948619,3985.128108,4305.640920,4611.281939,4185.128103,4495.897326,3926.153750,4543.076812,4337.948612,
17.000000,4428.717840,4106.666566,4216.922974,4060.512721,4650.256297,4036.410158,3978.461441,4291.794767,4593.846042,4170.769129,4487.692198,3918.974263,4533.333222,4326.153740,
18.000000,4431.794763,4116.410156,4221.025538,4068.717849,4656.922963,4038.461440,3983.076826,4286.666562,4591.794760,4169.743488,4493.846044,3922.051186,4533.846043,4328.205022,
19.000000,4434.358866,4118.461438,4220.512717,4073.333234,4676.410142,4034.871696,3985.128108,4295.384510,4594.871683,4169.230667,4488.717839,3914.871699,4532.307581,4330.769125,
20.000000,4435.897327,4114.871694,4217.948615,4071.794772,4678.461424,4035.897337,3985.128108,4304.615279,4598.461426,4167.179385,4482.563993,3908.205033,4537.435786,4332.820407,
21.000000,4431.281943,4107.179387,4213.333230,4069.743490,4656.410143,4031.281953,3980.512723,4293.333228,4593.333221,4158.974257,4476.922967,3905.640930,4528.717838,4326.153740,
22.000000,4431.794763,4109.743489,4217.435794,4072.820413,4652.307579,4035.384517,3986.666569,4295.897331,4598.974247,4171.281949,4482.563993,3908.717853,4523.076812,4326.666561,
23.000000,4441.025532,4120.512720,4226.666563,4073.333234,4671.281937,4046.666568,3995.384518,4312.307587,4615.384503,4199.487077,4497.948608,3917.435802,4541.025530,4336.922971,
24.000000,4431.794763,4113.846053,4221.025538,4063.589644,4663.589630,4039.487081,3983.076826,4300.512715,4603.076811,4192.307590,4491.794762,3915.897340,4541.538350,4332.307586,
25.000000,4425.128097,4111.794771,4220.512717,4067.179388,4654.871681,4036.410158,3981.025544,4289.743485,4590.769119,4178.461436,4486.666557,3914.871699,4534.358863,4329.230663,
26.000000,4424.102456,4108.717848,4218.461435,4065.640926,4655.384502,4034.871696,3982.051185,4290.256305,4591.281939,4171.794770,4482.051172,3909.743494,4528.717838,4323.589638,
27.000000,4429.230661,4109.230669,4216.922974,4065.640926,4664.102450,4037.435799,3984.102467,4298.461433,4602.051170,4172.820411,4484.615275,3908.717853,4535.897325,4325.640920,
28.000000,4432.307584,4109.230669,4217.948615,4070.256311,4665.128091,4042.051183,3989.230672,4305.640920,4608.717836,4178.974257,4492.307582,3907.179392,4543.076812,4332.820407,
29.000000,4420.512712,4095.384515,4208.717846,4058.461439,4646.153733,4036.410158,3978.461441,4295.897331,4594.871683,4169.743488,4486.666557,3896.922982,4526.153735,4324.102458,
30.000000,4426.666558,4104.615284,4213.333230,4068.717849,4654.871681,4044.102465,3982.564005,4297.435792,4601.025529,4173.846052,4490.769121,3902.564007,4527.692197,4327.692202,
31.000000,4428.205020,4108.717848,4216.410153,4074.358875,4664.102450,4047.179388,3991.281954,4304.615279,4615.897323,4186.153744,4490.256300,3907.179392,4536.410145,4329.743484,
32.000000,4424.615276,4102.564002,4218.974256,4064.615285,4654.358861,4040.512722,3991.281954,4308.205023,4617.948605,4194.358872,4490.769121,3908.717853,4537.435786,4329.230663,
33.000000,4434.358866,4108.717848,4228.717845,4071.281952,4654.871681,4039.999901,3992.820415,4309.743484,4616.922964,4193.846051,4499.999890,3916.410161,4542.563991,4335.897330,
34.000000,4423.076815,4094.871695,4216.922974,4064.102465,4646.666553,4031.281953,3979.487082,4293.846049,4596.410144,4171.281949,4482.563993,3907.179392,4529.743479,4323.076817,
35.000000,4427.179379,4097.948618,4216.922974,4062.051183,4655.897322,4036.922978,3981.025544,4297.435792,4595.897324,4177.948616,4484.615275,3906.666571,4537.948607,4327.692202,
36.000000,4442.051173,4114.358874,4223.076820,4070.256311,4655.384502,4041.538363,3986.666569,4303.076818,4603.589631,4188.717846,4499.487069,3912.307597,4549.230658,4342.563996,
37.000000,4438.974250,4113.333233,4222.051179,4072.307593,4642.563989,4034.358876,3979.487082,4293.846049,4593.333221,4171.794770,4495.897326,3910.256315,4537.948607,4339.487073,
38.000000,4449.230660,4121.025540,4233.333230,4082.564003,4670.256296,4045.128106,3987.179390,4304.615279,4607.179375,4185.128103,4502.563992,3919.999904,4551.794760,4348.205022,
39.000000,4442.051173,4110.769130,4225.640922,4072.307593,4666.153732,4044.102465,3986.666569,4305.128100,4614.871682,4183.589641,4492.307582,3914.358879,4548.205017,4339.999894,
40.000000,4433.333225,4105.128105,4219.999897,4071.281952,4648.717835,4037.948619,3985.128108,4296.922972,4610.769118,4166.666565,4485.128095,3910.769135,4538.974248,4332.307586,
41.000000,4448.205019,4125.128104,4234.871691,4086.666567,4666.666553,4043.589645,3989.743492,4301.538356,4610.769118,4188.717846,4502.051172,3921.538366,4554.871683,4344.102458,
42.000000,4449.230660,4126.666566,4232.820409,4081.025541,4668.205014,4043.589645,3989.230672,4304.102459,4608.205016,4207.179384,4501.025531,3919.999904,4555.897324,4341.538355,
43.000000,4445.128096,4123.589643,4225.640922,4076.410157,4652.820399,4039.999901,3993.333236,4305.640920,4615.384503,4198.974256,4492.307582,3916.922981,4555.384504,4338.461432,
44.000000,4441.538353,4121.025540,4218.974256,4072.307593,4649.230656,4029.230671,3982.564005,4292.820408,4606.153734,4169.230667,4484.102454,3909.743494,4557.435786,4337.435791,
45.000000,4452.820404,4129.743489,4220.512717,4081.538362,4660.512707,4033.333235,3980.512723,4288.717844,4596.922965,4161.538360,4495.384505,3908.717853,4567.179375,4346.153740,
46.000000,4464.102455,4141.025540,4227.692204,4090.769131,4649.743476,4039.999901,3986.666569,4296.922972,4603.589631,4183.076821,4506.153736,3913.846058,4576.922965,4355.897329,
47.000000,4460.512711,4133.333232,4224.102461,4077.948618,4633.846041,4031.794773,3976.410159,4292.820408,4601.025529,4189.743487,4497.435787,3911.281956,4573.333222,4352.820406,
48.000000,4472.307583,4139.999899,4226.666563,4085.128105,4659.487066,4034.871696,3979.487082,4295.897331,4608.205016,4191.794769,4511.794761,3917.435802,4587.692196,4365.640919,
49.000000,4477.435788,4148.717847,4227.179384,4092.307592,4666.666553,4034.358876,3981.025544,4295.384510,4605.128093,4187.179385,4513.846043,3919.999904,4594.871683,4369.743483,
50.000000,4481.538352,4152.820411,4229.743486,4093.846054,4649.230656,4030.769132,3972.307595,4290.256305,4593.333221,4180.512718,4496.410146,3920.512725,4593.333221,4366.153739,
51.000000,4492.820403,4153.846052,4234.358871,4097.948618,4653.846040,4031.794773,3973.846057,4294.871690,4596.922965,4176.922975,4502.051172,3921.025545,4598.974247,4375.384508,
52.000000,4478.974249,4137.948617,4223.589640,4082.564003,4653.846040,4026.666568,3975.384518,4295.897331,4595.384503,4173.333231,4504.615274,3910.256315,4586.666555,4370.256303,
53.000000,4467.692198,4130.769130,4222.563999,4073.846054,4641.538348,4028.205030,3981.538364,4299.999895,4596.410144,4176.410154,4500.512710,3910.256315,4576.922965,4362.563996,
54.000000,4467.179378,4127.179386,4225.640922,4082.564003,4638.974246,4028.717850,3984.102467,4301.025536,4601.025529,4172.820411,4502.051172,3917.435802,4576.922965,4361.538355,
55.000000,4458.974250,4121.025540,4217.435794,4084.102464,4653.333220,4027.179389,3981.025544,4296.410151,4598.974247,4172.307590,4494.358864,3910.256315,4564.102452,4353.333227,
56.000000,4438.461430,4107.692207,4206.153743,4067.179388,4656.922963,4028.717850,3975.897339,4290.769126,4587.179375,4164.615283,4473.333224,3895.897341,4537.435786,4333.333227,
57.000000,4430.769122,4100.512720,4208.717846,4063.076824,4654.871681,4033.333235,3978.461441,4292.307587,4588.717837,4155.384514,4475.384506,3900.512725,4539.487068,4327.692202,
58.000000,4435.897327,4102.564002,4216.922974,4070.256311,4654.871681,4033.846055,3984.615287,4297.435792,4601.538349,4170.256308,4494.358864,3911.794776,4554.871683,4337.435791,
59.000000,4425.640917,4089.743490,4203.076820,4055.897337,4635.384502,4021.025543,3969.743493,4284.102459,4590.769119,4172.307590,4484.102454,3900.512725,4534.871684,4326.153740,
60.000000,4431.281943,4096.922977,4205.128102,4064.102465,4640.512707,4028.205030,3968.717852,4290.256305,4599.487067,4178.974257,4480.512711,3899.999905,4539.487068,4327.179381,
61.000000,4432.307584,4099.999900,4209.743487,4072.820413,4650.256297,4029.743491,3968.205031,4296.410151,4602.051170,4181.025539,4476.410147,3903.076828,4548.205017,4329.230663,
62.000000,4432.307584,4099.487079,4213.333230,4070.256311,4657.948604,4030.769132,3974.871698,4293.333228,4593.333221,4173.846052,4475.897326,3904.102469,4544.102453,4331.281945,
63.000000,4454.358865,4119.999899,4229.230666,4089.743490,4681.025527,4048.717850,3997.948620,4304.102459,4618.461426,4194.871692,4504.615274,3916.922981,4567.179375,4350.769124,
64.000000,4411.794764,4078.461439,4195.897333,4061.025542,4635.897323,4014.358876,3961.538365,4275.384511,4588.205016,4163.076821,4470.256301,3894.358879,4530.256299,4314.871689,
65.000000,4406.153738,4076.410157,4195.384513,4059.999901,4632.820400,4015.384517,3960.512724,4280.512716,4582.563991,4155.384514,4464.615275,3895.384520,4520.512710,4308.205023,
66.000000,4454.358865,4123.076822,4230.769127,4093.333233,4679.487065,4052.820414,3996.922979,4316.410151,4633.846041,4203.076820,4513.846043,3924.102468,4567.179375,4346.666560,
67.000000,4416.410148,4079.999900,4199.999897,4054.871696,4638.461425,4025.640927,3961.025544,4282.051177,4603.076811,4168.717847,4478.461429,3906.666571,4534.358863,4314.358869,
68.000000,4405.640918,4072.820413,4198.974256,4054.871696,4641.538348,4025.128107,3966.153749,4276.410152,4588.717837,4162.051180,4466.666557,3908.205033,4525.128094,4308.205023,
69.000000,4431.794763,4100.512720,4219.999897,4079.487080,4682.051168,4043.589645,3996.922979,4299.999895,4610.769118,4195.897333,4489.743480,3922.564007,4545.640914,4330.769125,
70.000000,4411.281943,4078.461439,4202.564000,4059.999901,4665.128091,4037.435799,3981.538364,4290.256305,4594.871683,4171.794770,4466.666557,3908.205033,4519.999889,4312.307587,
71.000000,4410.769123,4076.922977,4202.564000,4061.025542,4664.102450,4049.743491,3988.205031,4296.410151,4596.410144,4162.564001,4465.128096,3910.256315,4526.666556,4312.307587,
72.000000,4419.999892,4081.538362,4208.205025,4062.051183,4664.102450,4045.640927,3993.333236,4305.640920,4605.128093,4182.051180,4479.999890,3918.461443,4541.538350,4322.051176,
73.000000,4424.615276,4083.589644,4215.384512,4067.692208,4658.974245,4034.358876,3988.205031,4310.769125,4613.846041,4198.461436,4491.281941,3926.153750,4545.128094,4329.743484,
74.000000,4432.820404,4086.666567,4226.153743,4076.922977,4664.102450,4036.922978,3987.179390,4313.846048,4621.025528,4193.846051,4495.384505,3933.846058,4549.743478,4336.410150,
75.000000,4425.128097,4073.846054,4219.999897,4064.102465,4651.794758,4033.846055,3979.999903,4303.589638,4610.256298,4176.922975,4485.128095,3927.692212,4535.897325,4327.692202,
76.000000,4424.102456,4074.871695,4222.051179,4065.128106,4648.205015,4035.897337,3982.051185,4302.563997,4612.820400,4180.512718,4493.333223,3926.153750,4533.333222,4328.717843,
77.000000,4418.461430,4072.307593,4219.487076,4065.128106,4645.640912,4029.743491,3977.948621,4296.922972,4610.769118,4179.999898,4487.692198,3921.025545,4534.358863,4323.076817,
78.000000,4401.538354,4056.410157,4203.589641,4046.153747,4633.846041,4016.922979,3967.692211,4284.615280,4593.333221,4169.743488,4464.102455,3909.743494,4518.974248,4304.102459,
79.000000,4448.717840,4106.666566,4237.948614,4095.384515,4695.384501,4057.948619,4012.307594,4327.692202,4643.589630,4225.128102,4516.410146,3938.974263,4568.205016,4345.128099,
80.000000,4423.076815,4075.897336,4216.410153,4071.794772,4666.153732,4032.820414,3984.615287,4307.179382,4625.640913,4193.333231,4497.435787,3917.948622,4545.128094,4324.102458,
81.000000,4361.538355,4011.281953,4172.820411,4004.102466,4582.051170,3992.820415,3937.948622,4259.999896,4555.384504,4116.922976,4428.717840,3888.717854,4476.922967,4274.358870,
82.000000,4493.846044,4161.538360,4273.846049,4136.410155,4728.205013,4107.692207,4070.769131,4370.256303,4687.179373,4266.153742,4562.563991,3968.717852,4618.974246,4388.717841,
83.000000,4481.538352,4151.281950,4255.897332,4135.897335,4744.102448,4085.128105,4054.871696,4353.846047,4688.205014,4268.205024,4553.846042,3946.666570,4612.820400,4370.769124,
84.000000,4362.051175,4019.487081,4168.205026,4020.512722,4623.589631,3996.922979,3946.666570,4257.948614,4568.205016,4134.871694,4424.615276,3886.153751,4478.461429,4268.205024,
85.000000,4422.051174,4076.410157,4214.871692,4068.205029,4670.256296,4047.692209,3997.435800,4306.153741,4621.025528,4193.846051,4485.640916,3929.743494,4535.384504,4323.589638,
86.000000,4429.743481,4082.564003,4217.948615,4073.846054,4671.794758,4039.487081,3991.281954,4300.512715,4621.025528,4197.948615,4501.538351,3928.205032,4547.692196,4331.281945,
87.000000,4408.205020,4062.564003,4204.102461,4059.999901,4647.179374,4024.615286,3973.333236,4281.025536,4597.435785,4167.692206,4477.435788,3914.871699,4527.692197,4311.794766,
88.000000,4419.999892,4077.435798,4213.846051,4073.333234,4655.897322,4034.358876,3986.666569,4297.435792,4616.922964,4188.717846,4484.615275,3918.974263,4536.410145,4318.974253,
89.000000,4417.948610,4077.948618,4215.897333,4072.307593,4653.846040,4028.205030,3982.051185,4301.025536,4618.461426,4192.820410,4484.615275,3921.538366,4531.281940,4321.538356,
90.000000,4414.358866,4074.871695,4214.358871,4062.051183,4642.051169,4024.102466,3978.974262,4297.435792,4611.794759,4181.538359,4484.102454,3918.974263,4534.358863,4320.512715,
91.000000,4402.563995,4063.076824,4201.025538,4047.179388,4630.769118,4019.999902,3974.871698,4287.179382,4597.435785,4165.128103,4471.794762,3911.281956,4526.153735,4310.256305,
92.000000,4408.717841,4074.358875,4205.640923,4062.051183,4662.051168,4035.897337,3988.205031,4301.538356,4611.281939,4186.153744,4483.589634,3922.564007,4536.922966,4319.999894,
93.000000,4419.487071,4087.692208,4211.281948,4077.435798,4691.794757,4051.281952,3998.461441,4314.871689,4628.717836,4209.743487,4499.999890,3928.205032,4555.897324,4327.692202,
94.000000,4381.025534,4050.769132,4178.974257,4039.487081,4641.025528,4016.922979,3961.025544,4276.922972,4589.743478,4162.051180,4458.461429,3902.564007,4515.384505,4290.769126,
95.000000,4364.615278,4043.589645,4173.333231,4028.717850,4613.846041,4008.717851,3950.769134,4263.589639,4565.640914,4128.205027,4435.897327,3902.051187,4486.666557,4279.487075,
96.000000,4509.743479,4193.846051,4283.076818,4166.153744,4771.794755,4120.512720,4074.871695,4377.435790,4709.230654,4283.076818,4584.102452,3982.564005,4641.538348,4403.589636,
97.000000,4468.205019,4134.871694,4238.461435,4109.230669,4722.563987,4063.589644,4018.974261,4330.256304,4672.820399,4251.281947,4548.205017,3937.435801,4599.487067,4359.999893,
98.000000,4317.948612,3981.538364,4136.410155,3968.205031,4564.102452,3963.076826,3898.461443,4217.948615,4521.538351,4085.640926,4394.871687,3866.153752,4427.179379,4234.871691,
99.000000,4421.538353,4098.461438,4224.615281,4076.410157,4677.948604,4058.461439,4003.589646,4311.794766,4623.076810,4187.179385,4495.384505,3941.538365,4534.358863,4326.666561,
100.000000,4436.922968,4104.102464,4224.102461,4082.051182,4682.563988,4044.102465,3996.922979,4307.692202,4630.769118,4195.897333,4508.717838,3932.307596,4550.769119,4331.794766,
101.000000,4390.256303,4047.179388,4187.179385,4030.256312,4615.897323,4002.564005,3944.615288,4259.999896,4572.307581,4129.743489,4451.794763,3897.435802,4487.692198,4287.179382,
102.000000,4428.205020,4091.794772,4217.435794,4063.589644,4656.410143,4035.384517,3978.461441,4296.922972,4617.435785,4178.974257,4483.589634,3916.410161,4528.717838,4319.487074,
103.000000,4423.589635,4086.153746,4212.820410,4061.538362,4655.384502,4026.666568,3976.410159,4295.897331,4616.410144,4185.640923,4477.435788,3910.769135,4530.769120,4319.487074,
104.000000,4425.640917,4075.384516,4212.820410,4059.999901,4642.051169,4030.256312,3984.102467,4296.922972,4614.358862,4179.487077,4482.563993,3913.846058,4532.307581,4322.051176,
105.000000,4407.692200,4055.384516,4192.307590,4035.897337,4626.153733,4021.025543,3968.717852,4285.128100,4597.435785,4163.076821,4473.846044,3900.512725,4518.461428,4305.640920,
106.000000,4416.410148,4078.974259,4194.871692,4047.692209,4645.640912,4027.692209,3972.307595,4293.333228,4604.102452,4178.461436,4485.640916,3899.999905,4528.717838,4314.358869,
107.000000,4430.256302,4091.794772,4205.640923,4062.564003,4647.179374,4030.256312,3982.051185,4302.563997,4618.974246,4181.538359,4496.410146,3904.102469,4532.307581,4324.102458,
108.000000,4403.076815,4051.794773,4189.230667,4035.897337,4619.487067,4011.794774,3955.897339,4278.461434,4594.358862,4145.640924,4464.102455,3891.794777,4498.461428,4297.948613,
109.000000,4423.589635,4074.871695,4209.230666,4058.974260,4666.666553,4032.820414,3968.717852,4291.794767,4607.179375,4166.153744,4479.999890,3910.769135,4524.615274,4316.410151,
110.000000,4441.025532,4098.974259,4219.999897,4075.897336,4680.512706,4037.435799,3979.487082,4304.102459,4614.871682,4183.589641,4498.461428,3919.999904,4538.974248,4328.205022,
111.000000,4423.589635,4084.615285,4205.640923,4057.948619,4634.871682,4022.051184,3969.230672,4294.358869,4599.999888,4177.435795,4481.538352,3908.205033,4518.974248,4310.256305,
112.000000,4430.769122,4095.897336,4213.846051,4064.102465,4646.153733,4032.307594,3981.025544,4302.051177,4612.820400,4191.281949,4482.051172,3912.820417,4535.384504,4318.974253,
113.000000,4429.743481,4094.358874,4210.769128,4058.974260,4662.563989,4030.256312,3979.999903,4301.025536,4610.256298,4175.897334,4479.999890,3909.230674,4540.512709,4322.563997,
114.000000,4418.974251,4082.564003,4202.051179,4056.410157,4652.820399,4026.153748,3976.410159,4299.487074,4603.589631,4167.179385,4478.974249,3899.999905,4529.743479,4317.435792,
115.000000,4418.974251,4086.153746,4203.076820,4067.692208,4646.666553,4032.307594,3986.153749,4306.153741,4612.307580,4185.128103,4483.076813,3895.384520,4528.205017,4314.871689,
116.000000,4409.230661,4079.487080,4193.846051,4054.358875,4639.487066,4028.205030,3982.564005,4302.051177,4608.205016,4169.230667,4470.769121,3884.615290,4515.897325,4304.102459,
117.000000,4409.230661,4081.538362,4196.410154,4053.846055,4646.666553,4029.230671,3979.999903,4303.589638,4610.256298,4161.538360,4473.333224,3890.769136,4516.410146,4309.230664,
118.000000,4417.435789,4086.153746,4203.589641,4068.205029,4647.179374,4031.281953,3975.384518,4301.538356,4614.358862,4174.358872,4487.179377,3899.999905,4525.640915,4317.435792,
119.000000,4423.076815,4084.102464,4203.076820,4068.205029,4646.153733,4029.743491,3964.615288,4287.179382,4604.615272,4169.230667,4491.281941,3896.410161,4527.692197,4317.435792,
120.000000,4427.179379,4089.743490,4206.153743,4062.564003,4651.281938,4030.769132,3963.589647,4278.974254,4598.974247,4165.640924,4485.128095,3894.871700,4529.230658,4319.487074,
121.000000,4415.384507,4083.076823,4202.051179,4056.922978,4642.051169,4025.640927,3963.076826,4275.897331,4591.794760,4167.692206,4468.717839,3889.230674,4516.922966,4310.769125,
122.000000,4422.563994,4087.692208,4207.179384,4067.179388,4657.435784,4034.358876,3972.307595,4288.205023,4597.948606,4178.461436,4476.922967,3898.461443,4524.102453,4317.948612,
123.000000,4442.051173,4105.128105,4221.538358,4078.461439,4683.076809,4046.153747,3987.692210,4306.153741,4614.358862,4189.230667,4496.410146,3914.871699,4543.589632,4336.410150,
124.000000,4436.410148,4103.589643,4219.999897,4073.846054,4667.179373,4034.871696,3988.205031,4310.769125,4616.922964,4191.281949,4495.897326,3911.281956,4543.076812,4332.820407,
125.000000,4425.640917,4093.846054,4211.281948,4066.666567,4641.025528,4025.128107,3979.999903,4308.205023,4611.794759,4182.564000,4488.205018,3902.564007,4537.435786,4324.615279,
126.000000,4425.640917,4086.153746,4206.153743,4059.999901,4641.538348,4025.640927,3971.794775,4300.512715,4602.051170,4161.538360,4482.051172,3905.640930,4530.256299,4324.102458,
127.000000,4438.461430,4094.358874,4214.358871,4070.769131,4665.128091,4037.435799,3984.102467,4308.717843,4609.230657,4171.794770,4492.820403,3921.025545,4535.384504,4334.871689,
128.000000,4432.820404,4093.846054,4211.281948,4072.820413,4660.512707,4036.410158,3987.692210,4309.743484,4611.281939,4184.102462,4489.230659,3918.461443,4533.846043,4329.230663,
129.000000,4414.358866,4079.487080,4197.948615,4055.384516,4631.281938,4025.128107,3973.333236,4297.435792,4599.487067,4166.666565,4468.205019,3907.179392,4516.410146,4309.743484,
130.000000,4421.538353,4083.076823,4202.564000,4065.128106,4644.102451,4034.871696,3977.435800,4304.615279,4610.256298,4174.358872,4482.051172,3918.461443,4524.615274,4316.922971,
131.000000,4425.128097,4080.512721,4205.640923,4072.307593,4662.563989,4038.974260,3978.461441,4307.179382,4616.922964,4181.025539,4495.384505,3919.487084,4535.384504,4322.051176,
132.000000,4430.769122,4090.769131,4213.846051,4070.769131,4662.051168,4041.025542,3982.051185,4306.666561,4618.461426,4172.307590,4494.871685,3919.999904,4542.051171,4326.153740,
133.000000,4442.563994,4109.743489,4223.589640,4079.999900,4663.589630,4045.128106,3989.230672,4310.256305,4621.538349,4183.076821,4497.435787,3928.205032,4546.666555,4332.307586,
134.000000,4433.846045,4097.948618,4214.871692,4077.948618,4659.487066,4037.435799,3981.025544,4297.435792,4608.205016,4193.846051,4486.666557,3921.538366,4536.410145,4324.615279,
135.000000,4442.563994,4097.435797,4221.538358,4081.025541,4674.871681,4039.487081,3986.153749,4294.871690,4610.769118,4199.487077,4496.410146,3928.717853,4546.666555,4337.435791,
136.000000,4450.769122,4101.025541,4224.615281,4076.410157,4670.256296,4032.307594,3984.615287,4295.384510,4614.358862,4187.179385,4504.615274,3938.974263,4555.384504,4345.640919,
137.000000,4441.538353,4095.897336,4216.410153,4069.230670,4644.102451,4027.179389,3975.897339,4294.358869,4608.205016,4170.256308,4489.230659,3933.333237,4542.051171,4334.358868,
138.000000,4442.051173,4103.076823,4218.974256,4078.974259,4655.897322,4043.589645,3989.743492,4304.102459,4613.846041,4174.871693,4488.717839,3928.205032,4536.410145,4332.820407,
139.000000,4419.999892,4082.564003,4205.640923,4069.230670,4655.384502,4036.922978,3979.999903,4290.769126,4595.384503,4163.076821,4474.358865,3912.820417,4510.769120,4315.384510,
140.000000,4418.974251,4074.871695,4207.692205,4071.281952,4653.333220,4032.820414,3972.820416,4284.615280,4591.281939,4166.153744,4471.794762,3915.384520,4511.794761,4315.897330,
141.000000,4439.487071,4093.846054,4224.615281,4085.128105,4664.102450,4040.512722,3982.564005,4294.358869,4610.256298,4185.128103,4491.794762,3932.307596,4537.948607,4332.820407,
142.000000,4428.717840,4087.692208,4217.948615,4075.897336,4657.435784,4033.333235,3975.897339,4292.820408,4605.128093,4182.564000,4490.769121,3929.743494,4532.307581,4322.563997,
143.000000,4432.307584,4090.256310,4222.563999,4079.487080,4665.128091,4037.435799,3978.974262,4299.487074,4611.281939,4194.871692,4495.384505,3932.820417,4540.512709,4324.615279,
144.000000,4441.025532,4096.410156,4227.692204,4082.564003,4671.281937,4036.410158,3977.435800,4292.307587,4614.358862,4189.230667,4496.922967,3935.384519,4548.205017,4331.281945,
145.000000,4435.897327,4097.435797,4222.563999,4076.922977,4663.076809,4031.281953,3971.281954,4279.487075,4605.128093,4173.333231,4492.307582,3937.948622,4546.666555,4331.794766,
146.000000,4431.281943,4093.333233,4214.871692,4073.846054,4650.769117,4030.256312,3971.281954,4279.999895,4599.999888,4176.922975,4489.230659,3939.487083,4545.128094,4329.230663,
147.000000,4433.333225,4088.717849,4210.256307,4075.897336,4658.974245,4031.794773,3972.307595,4285.640921,4602.051170,4182.564000,4489.743480,3939.999904,4537.435786,4326.153740,
148.000000,4437.948609,4091.794772,4212.820410,4077.435798,4678.461424,4038.974260,3979.487082,4293.333228,4612.820400,4188.205026,4490.769121,3941.538365,4535.897325,4328.717843,
149.000000,4423.076815,4075.897336,4204.102461,4059.999901,4664.102450,4032.307594,3972.307595,4286.153741,4604.102452,4173.333231,4471.794762,3928.205032,4524.615274,4318.974253,
150.000000,4419.999892,4075.384516,4205.128102,4065.640926,4657.435784,4028.717850,3969.230672,4285.640921,4599.487067,4161.025539,4473.333224,3928.717853,4522.051171,4316.410151,
151.000000,4429.230661,4091.281951,4213.333230,4085.640926,4669.743476,4035.897337,3975.897339,4293.846049,4609.743477,4174.358872,4485.128095,3939.999904,4525.128094,4322.563997,
152.000000,4431.794763,4092.820413,4215.384512,4084.615285,4673.333219,4041.538363,3980.512723,4296.922972,4616.922964,4194.358872,4485.128095,3941.538365,4526.666556,4322.563997,
153.000000,4423.076815,4074.358875,4211.281948,4065.128106,4659.999886,4033.333235,3974.358877,4289.230664,4611.281939,4182.564000,4481.025531,3938.461442,4526.153735,4316.410151,
154.000000,4419.487071,4062.564003,4212.307589,4057.435798,4650.256297,4025.640927,3969.743493,4286.153741,4607.692195,4166.153744,4480.512711,3941.538365,4528.205017,4315.897330,
155.000000,4441.025532,4084.102464,4229.230666,4076.922977,4668.717835,4039.999901,3986.666569,4302.563997,4627.692195,4199.999897,4496.410146,3954.358878,4547.692196,4335.384509,
156.000000,4436.410148,4086.153746,4220.512717,4073.333234,4662.051168,4035.384517,3978.461441,4294.871690,4616.410144,4193.846051,4489.230659,3943.589647,4539.487068,4329.743484,
157.000000,4435.897327,4095.897336,4217.948615,4076.922977,4661.538348,4037.435799,3981.025544,4291.281946,4606.153734,4172.820411,4488.717839,3939.487083,4536.922966,4326.153740,
158.000000,4442.051173,4108.205028,4224.615281,4092.307592,4682.563988,4049.743491,3996.922979,4303.589638,4619.999887,4191.281949,4493.333223,3943.589647,4537.435786,4330.769125,
159.000000,4406.153738,4070.256311,4198.461436,4066.153747,4667.179373,4031.794773,3975.384518,4286.666562,4597.435785,4168.717847,4460.512711,3922.564007,4499.999890,4299.487074,
160.000000,4410.769123,4069.743490,4201.025538,4066.153747,4667.692194,4037.435799,3981.025544,4289.743485,4596.410144,4159.487078,4468.717839,3925.128109,4511.281941,4304.102459,
161.000000,4433.846045,4088.717849,4214.871692,4077.948618,4671.794758,4044.615286,3988.717851,4299.487074,4612.820400,4183.589641,4499.999890,3939.487083,4537.435786,4326.666561,
162.000000,4422.563994,4076.410157,4210.256307,4069.743490,4657.435784,4032.820414,3973.846057,4292.820408,4611.281939,4188.717846,4494.871685,3941.025545,4528.205017,4322.051176,
163.000000,4424.102456,4080.512721,4220.512717,4080.512721,4666.153732,4039.487081,3985.640928,4304.102459,4628.205015,4198.974256,4496.410146,3953.333237,4538.461427,4327.179381,
164.000000,4418.461430,4076.922977,4218.461435,4071.281952,4665.128091,4037.435799,3986.666569,4305.128100,4628.205015,4198.974256,4493.846044,3949.743493,4542.051171,4322.563997,
165.000000,4418.461430,4074.871695,4215.384512,4063.076824,4669.743476,4035.897337,3981.538364,4301.538356,4626.153733,4203.076820,4499.487069,3946.666570,4550.769119,4325.640920,
166.000000,4430.256302,4082.051182,4219.487076,4072.820413,4676.410142,4040.512722,3990.256313,4306.153741,4635.384502,4213.333230,4510.256300,3955.384519,4561.025529,4335.384509,
167.000000,4416.922969,4069.230670,4209.743487,4065.128106,4658.461425,4036.410158,3988.717851,4300.512715,4619.487067,4192.307590,4490.256300,3948.205032,4532.307581,4319.487074,
168.000000,4412.820405,4070.256311,4208.205025,4067.692208,4659.487066,4040.512722,3990.769133,4302.051177,4612.820400,4179.487077,4477.435788,3942.564006,4520.512710,4312.820407,
169.000000,4419.487071,4081.538362,4210.769128,4076.922977,4665.640912,4037.435799,3988.205031,4304.102459,4621.025528,4181.025539,4483.589634,3944.102468,4530.769120,4316.410151,
170.000000,4426.666558,4088.205028,4213.333230,4083.076823,4667.692194,4032.820414,3979.999903,4299.487074,4620.512708,4176.410154,4496.922967,3947.692211,4535.897325,4321.025535,
171.000000,4434.358866,4090.769131,4219.487076,4089.743490,4672.307578,4035.897337,3976.922980,4294.358869,4617.435785,4185.640923,4501.025531,3950.769134,4537.948607,4327.179381,
172.000000,4420.512712,4078.974259,4214.871692,4079.487080,4659.999886,4032.820414,3973.333236,4287.179382,4613.333221,4190.256308,4483.076813,3945.640929,4531.281940,4319.487074,
173.000000,4418.974251,4080.512721,4220.512717,4077.435798,4661.538348,4033.333235,3979.999903,4297.435792,4623.076810,4191.794769,4490.769121,3954.871698,4539.487068,4321.025535,
174.000000,4435.384507,4085.640926,4230.769127,4084.102464,4669.743476,4031.794773,3985.128108,4306.153741,4630.769118,4207.179384,4509.230659,3968.717852,4551.794760,4332.307586,
175.000000,4442.563994,4083.589644,4232.820409,4081.538362,4668.717835,4031.281953,3984.615287,4303.076818,4628.205015,4219.487076,4507.692197,3973.846057,4555.897324,4339.487073,
176.000000,4438.461430,4079.999900,4227.179384,4074.871695,4665.640912,4035.897337,3988.717851,4303.076818,4627.692195,4203.589641,4504.102454,3973.333236,4558.974247,4336.410150,
177.000000,4416.410148,4055.384516,4205.640923,4060.512721,4645.640912,4024.615286,3977.435800,4291.794767,4614.358862,4178.461436,4489.230659,3955.384519,4537.435786,4312.820407,
178.000000,4411.281943,4051.794773,4202.051179,4065.128106,4646.666553,4024.615286,3974.871698,4288.717844,4610.256298,4193.333231,4484.102454,3953.333237,4523.589633,4308.205023,
179.000000,4420.512712,4070.769131,4212.307589,4076.410157,4663.589630,4033.333235,3981.538364,4297.435792,4612.820400,4199.999897,4489.230659,3964.102467,4529.743479,4319.487074,
180.000000,4415.384507,4068.205029,4208.717846,4070.256311,4651.794758,4027.692209,3974.358877,4293.333228,4601.538349,4170.769129,4480.512711,3961.025544,4522.051171,4315.384510,
181.000000,4419.999892,4067.692208,4214.871692,4076.922977,4645.640912,4026.153748,3973.333236,4291.281946,4601.025529,4169.743488,4483.589634,3964.102467,4522.051171,4317.435792,
182.000000,4422.051174,4070.256311,4218.461435,4082.051182,4659.999886,4026.666568,3969.743493,4289.230664,4601.025529,4177.435795,4493.333223,3968.205031,4527.179376,4320.512715,
183.000000,4421.538353,4070.769131,4215.897333,4079.999900,4672.307578,4029.230671,3972.307595,4294.358869,4609.230657,4179.999898,4497.435787,3973.333236,4535.897325,4322.563997,
184.000000,4421.025533,4068.205029,4216.922974,4077.435798,4662.563989,4030.769132,3979.487082,4299.999895,4618.461426,4187.692205,4494.358864,3978.461441,4541.025530,4323.076817,
185.000000,4417.948610,4062.564003,4219.487076,4073.333234,4648.205015,4026.153748,3977.435800,4295.897331,4609.230657,4192.820410,4493.333223,3978.974262,4537.435786,4319.999894,
186.000000,4431.794763,4070.769131,4228.717845,4079.999900,4657.948604,4028.717850,3984.615287,4303.076818,4612.307580,4203.076820,4505.640915,3988.205031,4547.179376,4330.256304,
187.000000,4437.948609,4067.692208,4228.717845,4076.922977,4651.794758,4025.640927,3988.205031,4306.666561,4617.435785,4195.897333,4499.487069,3988.205031,4549.743478,4335.384509,
188.000000,4433.333225,4059.999901,4226.153743,4073.333234,4644.615271,4034.358876,3997.948620,4309.230664,4623.076810,4196.922974,4496.410146,3983.076826,4551.281940,4334.358868,
189.000000,4427.179379,4058.461439,4221.025538,4072.820413,4649.743476,4045.128106,4004.102466,4315.897330,4629.230656,4210.256307,4506.153736,3978.974262,4553.846042,4330.256304,
190.000000,4414.871687,4053.333234,4206.153743,4064.102465,4643.589630,4031.794773,3984.102467,4302.563997,4615.897323,4201.025538,4492.820403,3966.666570,4535.897325,4316.410151,
191.000000,4419.487071,4066.153747,4207.692205,4072.307593,4656.410143,4031.794773,3978.974262,4286.666562,4605.128093,4190.769128,4483.076813,3967.692211,4526.666556,4318.974253,
192.000000,4421.025533,4074.871695,4211.281948,4078.461439,4670.769117,4038.461440,3983.076826,4283.076818,4600.512708,4179.487077,4485.128095,3972.820416,4522.051171,4317.435792,
193.000000,4413.846046,4075.897336,4208.205025,4078.461439,4665.128091,4032.307594,3976.410159,4291.281946,4598.974247,4174.358872,4486.666557,3970.256313,4521.025530,4309.230664,
194.000000,4417.948610,4084.102464,4210.769128,4084.102464,4657.948604,4027.692209,3971.281954,4288.717844,4597.435785,4176.922975,4483.076813,3971.281954,4530.769120,4312.307587,
195.000000,4419.487071,4085.640926,4207.692205,4077.435798,4651.794758,4024.102466,3965.128108,4271.281947,4585.128093,4162.051180,4471.281942,3968.717852,4525.640915,4311.794766,
196.000000,4428.717840,4094.358874,4212.307589,4078.461439,4664.102450,4028.205030,3970.769134,4283.076818,4594.871683,4162.051180,4479.487070,3970.769134,4531.794761,4320.512715,
197.000000,4435.384507,4099.999900,4212.307589,4081.025541,4664.615271,4029.743491,3977.948621,4301.538356,4611.794759,4181.538359,4488.717839,3967.692211,4541.538350,4326.666561,
198.000000,4431.281943,4093.846054,4204.102461,4077.435798,4649.743476,4032.307594,3980.512723,4302.051177,4610.769118,4191.281949,4489.230659,3960.512724,4539.999889,4321.538356,
199.000000,4433.333225,4090.769131,4204.102461,4081.538362,4654.358861,4038.461440,3986.666569,4307.692202,4612.820400,4183.589641,4494.871685,3961.538365,4541.025530,4323.076817,
200.000000,4426.153738,4079.999900,4198.974256,4073.846054,4655.384502,4031.794773,3978.461441,4305.128100,4616.410144,4167.692206,4481.538352,3954.358878,4529.743479,4313.846048,
201.000000,4424.615276,4084.102464,4200.512718,4069.743490,4653.333220,4035.384517,3977.948621,4304.615279,4626.666554,4174.871693,4478.974249,3952.307596,4533.333222,4312.307587,
202.000000,4427.179379,4090.769131,4207.179384,4071.794772,4657.948604,4043.589645,3987.692210,4313.333228,4633.333220,4195.384513,4497.435787,3958.461442,4544.615273,4319.999894,
203.000000,4421.025533,4081.025541,4206.153743,4069.743490,4653.333220,4038.974260,3988.205031,4312.307587,4626.153733,4199.487077,4499.487069,3962.564006,4538.461427,4315.897330,
204.000000,4422.051174,4083.589644,4206.153743,4073.333234,4644.102451,4035.897337,3986.153749,4305.640920,4623.589631,4195.384513,4493.333223,3966.153749,4544.102453,4315.384510,
205.000000,4414.871687,4079.999900,4196.922974,4064.102465,4636.410143,4028.205030,3977.435800,4294.358869,4611.281939,4174.871693,4476.410147,3955.897339,4536.410145,4306.153741,
206.000000,4416.922969,4078.974259,4197.948615,4064.615285,4652.307579,4028.717850,3982.564005,4296.922972,4607.692195,4171.794770,4469.230660,3953.846057,4517.948607,4302.051177,
207.000000,4439.999891,4102.564002,4216.922974,4086.666567,4676.922963,4042.564004,3999.999902,4312.307587,4625.128092,4194.871692,4492.307582,3972.307595,4533.846043,4322.051176,
208.000000,4433.846045,4101.538361,4207.692205,4081.025541,4658.461425,4036.410158,3987.179390,4306.153741,4617.948605,4178.461436,4487.692198,3965.640929,4537.435786,4317.435792,
209.000000,4419.999892,4086.153746,4193.333231,4069.230670,4638.974246,4028.205030,3974.358877,4298.461433,4605.128093,4162.564001,4470.256301,3950.769134,4518.461428,4302.051177,
210.000000,4431.281943,4096.410156,4205.640923,4084.102464,4658.461425,4035.897337,3985.128108,4305.640920,4615.384503,4186.666564,4485.640916,3960.512724,4526.666556,4315.897330,
211.000000,4441.025532,4110.256310,4216.410153,4090.256310,4668.717835,4041.538363,3987.692210,4307.692202,4621.538349,4195.897333,4498.974249,3972.307595,4538.974248,4327.692202,
212.000000,4431.281943,4097.948618,4205.640923,4070.256311,4648.717835,4034.871696,3975.384518,4297.435792,4610.769118,4177.948616,4490.769121,3965.128108,4530.769120,4313.846048,
213.000000,4422.051174,4078.974259,4195.384513,4055.897337,4636.410143,4027.179389,3972.820416,4287.692203,4601.538349,4162.564001,4482.051172,3956.410160,4527.179376,4302.563997,
214.000000,4438.461430,4093.846054,4208.205025,4076.410157,4661.538348,4037.435799,3989.230672,4299.999895,4616.410144,4173.846052,4489.230659,3968.717852,4542.051171,4319.487074,
215.000000,4443.076814,4101.025541,4209.743487,4083.589644,4668.205014,4039.487081,3991.281954,4307.692202,4617.948605,4182.564000,4483.076813,3970.769134,4536.922966,4321.538356,
216.000000,4436.922968,4094.358874,4203.076820,4071.794772,4654.871681,4033.333235,3986.153749,4305.128100,4609.743477,4188.717846,4480.512711,3961.538365,4530.769120,4314.358869,
217.000000,4442.563994,4099.487079,4205.640923,4077.435798,4655.897322,4032.820414,3988.717851,4305.640920,4614.871682,4191.794769,4487.692198,3961.025544,4541.538350,4321.025535,
218.000000,4434.871686,4092.820413,4199.999897,4079.999900,4645.128092,4027.692209,3978.974262,4296.410151,4604.102452,4157.435796,4475.897326,3954.871698,4529.743479,4312.307587,
219.000000,4434.871686,4095.384515,4205.640923,4082.564003,4651.794758,4034.871696,3983.076826,4298.461433,4606.153734,4153.333232,4487.692198,3961.025544,4529.230658,4315.384510,
220.000000,4436.410148,4097.435797,4206.153743,4076.922977,4664.615271,4033.846055,3983.589646,4298.974254,4611.794759,4179.999898,4492.820403,3967.692211,4537.435786,4319.487074,
221.000000,4433.846045,4096.410156,4201.538359,4076.410157,4659.487066,4027.179389,3976.410159,4296.922972,4608.717836,4189.230667,4475.897326,3969.230672,4531.794761,4314.358869,
222.000000,4439.487071,4103.076823,4210.256307,4086.666567,4655.897322,4030.769132,3982.564005,4302.563997,4612.307580,4187.692205,4482.051172,3977.948621,4531.281940,4319.999894,
223.000000,4434.358866,4092.820413,4206.153743,4072.307593,4649.743476,4024.615286,3975.897339,4293.333228,4601.025529,4170.769129,4486.153736,3975.897339,4527.692197,4317.435792,
224.000000,4442.051173,4092.307592,4206.666564,4072.307593,4657.435784,4025.640927,3977.435800,4293.846049,4601.025529,4170.769129,4486.153736,3979.487082,4538.974248,4322.563997,
225.000000,4452.307583,4101.538361,4216.922974,4089.230669,4663.589630,4032.307594,3989.230672,4308.205023,4612.820400,4185.128103,4492.820403,3988.717851,4547.179376,4332.307586,
226.000000,4447.179378,4099.487079,4215.897333,4089.230669,4657.948604,4030.256312,3988.717851,4311.794766,4615.897323,4183.589641,4497.948608,3989.230672,4542.563991,4333.846048,
227.000000,4449.743481,4098.974259,4212.820410,4086.153746,4659.999886,4033.333235,3987.179390,4309.743484,4623.589631,4181.025539,4501.538351,3990.769133,4550.769119,4336.922971,
228.000000,4442.051173,4090.256310,4207.179384,4076.410157,4655.384502,4030.256312,3979.487082,4299.487074,4614.871682,4178.974257,4490.256300,3988.205031,4537.948607,4324.615279,
229.000000,4430.256302,4088.205028,4206.153743,4076.922977,4650.256297,4028.205030,3979.487082,4299.487074,4607.179375,4179.487077,4482.563993,3987.179390,4525.640915,4315.384510,
230.000000,4425.640917,4090.769131,4203.589641,4076.922977,4642.563989,4026.153748,3979.999903,4304.102459,4617.435785,4179.487077,4483.076813,3985.640928,4533.846043,4314.358869,
231.000000,4419.487071,4083.076823,4198.461436,4063.076824,4637.948605,4019.487081,3969.230672,4292.307587,4610.769118,4175.897334,4479.487070,3986.666569,4532.307581,4310.256305,
232.000000,4428.717840,4086.666567,4208.717846,4070.769131,4650.769117,4020.512722,3971.794775,4286.666562,4597.948606,4176.922975,4483.076813,3999.999902,4533.846043,4319.999894,
233.000000,4427.692199,4077.948618,4203.589641,4073.846054,4641.538348,4013.333235,3968.205031,4282.563998,4588.205016,4157.948616,4473.333224,3993.846056,4526.666556,4316.922971,
234.000000,4423.076815,4072.820413,4192.820410,4064.102465,4632.307579,4010.769133,3962.564006,4283.589639,4589.230657,4150.769129,4468.205019,3982.564005,4518.461428,4308.205023,
235.000000,4435.384507,4087.692208,4199.999897,4067.692208,4645.640912,4021.538363,3974.358877,4297.435792,4600.512708,4168.717847,4477.948608,3990.769133,4523.589633,4320.512715,
236.000000,4434.871686,4079.999900,4203.589641,4069.743490,4651.281938,4023.589645,3978.461441,4298.461433,4601.025529,4166.666565,4471.281942,3991.794774,4523.076812,4324.102458,
237.000000,4439.487071,4081.025541,4211.794769,4075.897336,4652.820399,4027.179389,3979.999903,4297.948613,4607.692195,4175.384513,4479.999890,3994.358877,4533.333222,4325.640920,
238.000000,4440.512712,4088.205028,4213.846051,4073.333234,4634.871682,4025.128107,3976.922980,4293.846049,4608.205016,4182.564000,4489.743480,3993.333236,4535.384504,4324.102458,
239.000000,4417.435789,4067.179388,4197.948615,4054.871696,4616.922964,4014.358876,3960.512724,4282.563998,4591.281939,4155.897334,4464.615275,3978.974262,4515.897325,4307.692202,
240.000000,4418.461430,4067.179388,4201.538359,4061.538362,4649.230656,4017.435799,3965.128108,4294.358869,4603.076811,4163.076821,4469.230660,3986.666569,4525.128094,4312.307587,
241.000000,4430.769122,4083.076823,4209.230666,4070.769131,4656.410143,4016.410158,3971.794775,4295.384510,4614.358862,4184.615282,4485.640916,3997.948620,4536.410145,4321.025535,
242.000000,4419.487071,4072.307593,4197.948615,4055.384516,4622.563990,4006.666569,3959.999903,4274.358870,4588.205016,4157.435796,4467.179378,3991.281954,4517.948607,4308.205023,
243.000000,4409.230661,4063.589644,4189.230667,4049.230670,4619.999887,4007.179389,3957.435801,4277.435793,4576.922965,4137.435796,4452.307583,3987.179390,4508.205018,4302.051177,
244.000000,4421.538353,4079.999900,4197.435795,4066.153747,4640.512707,4016.410158,3970.256313,4296.922972,4601.538349,4163.076821,4465.128096,3993.333236,4518.461428,4312.820407,
245.000000,4435.384507,4090.769131,4208.205025,4078.461439,4646.666553,4024.615286,3978.974262,4297.435792,4613.846041,4182.564000,4478.461429,3999.999902,4526.153735,4318.461433,
246.000000,4424.102456,4074.871695,4204.102461,4068.205029,4629.230656,4021.025543,3972.307595,4283.076818,4596.410144,4164.102462,4468.205019,3993.846056,4515.384505,4308.205023,
247.000000,4422.563994,4072.307593,4206.153743,4067.179388,4630.256297,4022.051184,3978.974262,4291.794767,4601.538349,4165.128103,4473.846044,3997.948620,4521.025530,4313.846048,
248.000000,4430.256302,4079.487080,4211.281948,4068.717849,4649.743476,4024.615286,3981.538364,4303.076818,4615.897323,4184.615282,4490.256300,4006.666569,4537.435786,4324.615279,
249.000000,4432.820404,4082.051182,4211.794769,4071.281952,4653.333220,4024.615286,3975.897339,4296.410151,4608.717836,4186.153744,4485.128095,4011.281953,4540.512709,4323.076817,
250.000000,4446.153737,4094.871695,4223.076820,4090.769131,4655.384502,4033.846055,3986.153749,4297.435792,4613.333221,4187.692205,4488.205018,4023.589645,4548.717837,4330.769125,
251.000000,4436.410148,4088.205028,4214.358871,4079.487080,4647.692194,4025.128107,3978.461441,4290.256305,4604.102452,4170.256308,4486.153736,4013.333235,4536.410145,4326.153740,
252.000000,4426.153738,4082.564003,4204.615282,4061.025542,4645.128092,4016.922979,3972.307595,4288.717844,4597.948606,4164.102462,4481.538352,4004.102466,4530.256299,4320.512715,
253.000000,4430.256302,4083.589644,4208.205025,4066.666567,4636.922964,4019.487081,3978.974262,4297.435792,4608.717836,4176.410154,4476.410147,4013.333235,4539.487068,4322.051176,
254.000000,4431.794763,4075.897336,4208.717846,4069.743490,4628.717836,4020.512722,3977.948621,4297.948613,4604.102452,4172.307590,4473.333224,4017.435799,4531.794761,4321.025535,
255.000000,4442.563994,4084.615285,4217.948615,4077.948618,4654.871681,4031.794773,3983.076826,4299.999895,4609.230657,4179.487077,4487.179377,4023.076825,4531.794761,4333.333227,
256.000000,4433.846045,4078.461439,4210.256307,4073.846054,4650.769117,4028.717850,3976.922980,4287.692203,4606.666554,4172.820411,4478.974249,4016.922979,4526.666556,4323.589638,
257.000000,4423.076815,4064.615285,4200.512718,4060.512721,4622.563990,4016.922979,3966.153749,4281.538357,4595.384503,4159.487078,4465.640916,4010.769133,4519.999889,4311.794766,
258.000000,4435.384507,4072.820413,4212.820410,4065.640926,4642.563989,4018.461440,3972.820416,4297.435792,4605.128093,4173.333231,4477.948608,4022.564004,4527.179376,4327.179381,
259.000000,4426.666558,4066.153747,4210.769128,4066.666567,4657.435784,4019.487081,3974.358877,4295.384510,4603.589631,4172.820411,4472.307583,4022.564004,4519.487069,4319.487074,
260.000000,4417.435789,4063.076824,4204.102461,4066.153747,4642.051169,4027.692209,3977.435800,4289.230664,4596.410144,4166.666565,4466.153737,4021.025543,4516.922966,4308.717843,
261.000000,4433.333225,4083.589644,4211.281948,4072.307593,4645.640912,4033.846055,3984.102467,4297.435792,4605.640913,4182.051180,4481.025531,4029.230671,4530.769120,4321.025535,
262.000000,4436.922968,4086.666567,4212.307589,4070.769131,4653.846040,4022.051184,3978.461441,4296.410151,4606.153734,4182.564000,4481.025531,4031.281953,4529.743479,4323.076817,
263.000000,4442.051173,4083.589644,4215.897333,4074.358875,4650.256297,4022.564004,3981.025544,4295.384510,4603.076811,4166.666565,4474.358865,4037.435799,4532.307581,4328.205022,
264.000000,4452.307583,4085.128105,4222.563999,4077.948618,4649.230656,4030.256312,3985.640928,4292.820408,4599.487067,4161.538360,4475.897326,4047.179388,4538.461427,4339.487073,
265.000000,4451.281942,4085.128105,4223.076820,4078.461439,4651.281938,4027.692209,3983.076826,4286.666562,4593.846042,4168.205026,4479.487070,4048.717850,4533.846043,4339.487073,
266.000000,4451.794763,4088.717849,4222.051179,4079.487080,4636.410143,4022.051184,3979.999903,4289.230664,4593.846042,4170.769129,4484.615275,4046.153747,4538.461427,4339.999894,
267.000000,4460.512711,4094.358874,4224.102461,4082.051182,4628.205015,4022.051184,3975.897339,4294.871690,4601.538349,4175.384513,4496.410146,4050.256311,4559.999888,4351.794765,
268.000000,4471.794762,4105.128105,4230.769127,4092.820413,4655.897322,4024.615286,3973.846057,4295.897331,4614.871682,4196.410154,4511.794761,4057.948619,4577.948606,4367.179380,
269.000000,4472.820403,4105.128105,4228.205025,4086.153746,4665.640912,4016.410158,3964.615288,4283.589639,4604.615272,4189.743487,4504.102454,4051.281952,4573.846042,4366.153739,
270.000000,4483.589634,4108.205028,4234.358871,4084.102464,4651.794758,4016.922979,3966.666570,4284.615280,4591.281939,4172.820411,4503.589633,4052.820414,4584.615273,4372.820406,
271.000000,4498.974249,4118.461438,4244.102460,4093.333233,4646.666553,4021.025543,3974.358877,4294.358869,4596.410144,4186.666564,4514.871684,4066.153747,4602.051170,4388.205021,
272.000000,4508.717838,4130.769130,4246.666563,4101.025541,4656.410143,4021.538363,3979.999903,4294.871690,4600.512708,4196.922974,4518.974248,4074.871695,4605.128093,4395.384508,
273.000000,4523.589633,4147.692206,4251.794768,4110.256310,4657.948604,4028.205030,3989.230672,4296.410151,4599.487067,4184.102462,4527.179376,4076.922977,4616.922964,4401.538354,
274.000000,4512.820402,4135.384514,4237.435794,4097.948618,4625.128092,4017.948620,3975.384518,4285.128100,4583.589632,4165.640924,4513.846043,4058.974260,4612.820400,4393.333226,
275.000000,4519.487069,4139.487078,4241.025537,4103.076823,4641.538348,4016.410158,3974.358877,4293.846049,4597.435785,4189.230667,4513.846043,4062.564003,4618.461426,4404.615277,
276.000000,4541.025530,4157.948616,4259.999896,4122.564002,4681.538347,4023.589645,3985.128108,4311.794766,4621.538349,4209.230666,4540.512709,4085.128105,4634.358861,4419.487071,
277.000000,4517.435787,4135.384514,4246.666563,4107.179387,4646.666553,4013.846056,3971.281954,4293.333228,4604.615272,4186.153744,4529.230658,4077.948618,4608.717836,4395.384508,
278.000000,4502.051172,4126.153745,4241.538358,4100.512720,4631.794759,4021.538363,3974.358877,4286.666562,4605.640913,4192.820410,4516.922966,4075.384516,4595.897324,4386.153739,
279.000000,4506.666556,4132.820412,4249.230665,4104.615284,4668.205014,4025.640927,3983.076826,4298.461433,4620.512708,4206.666564,4532.307581,4084.102464,4607.692195,4389.230662,
280.000000,4499.487069,4123.076822,4245.640922,4099.999900,4666.153732,4015.384517,3974.358877,4293.846049,4608.717836,4194.871692,4527.692197,4079.999900,4598.974247,4376.410149,
281.000000,4498.461428,4124.615284,4248.205024,4104.615284,4652.307579,4023.076825,3978.461441,4287.179382,4601.538349,4197.435795,4510.256300,4077.435798,4591.794760,4377.435790,
282.000000,4486.153736,4116.410156,4245.128101,4095.897336,4659.999886,4026.153748,3975.384518,4284.102459,4598.974247,4183.589641,4502.563992,4071.794772,4575.384504,4370.769124,
283.000000,4472.820403,4101.538361,4233.846050,4085.128105,4669.230655,4023.076825,3970.256313,4290.256305,4600.512708,4169.230667,4505.128095,4070.256311,4554.871683,4358.974252,
284.000000,4476.922967,4107.692207,4232.820409,4094.871695,4668.205014,4028.205030,3978.461441,4299.487074,4609.230657,4187.692205,4503.589633,4075.384516,4558.461427,4362.051175,
285.000000,4468.205019,4103.076823,4228.205025,4088.717849,4652.820399,4023.076825,3972.820416,4289.743485,4601.025529,4185.640923,4488.205018,4068.717849,4558.461427,4353.333227,
286.000000,4460.512711,4091.794772,4227.692204,4082.564003,4655.897322,4019.487081,3972.820416,4287.692203,4596.410144,4170.769129,4490.769121,4069.230670,4549.743478,4347.692201,
287.000000,4459.999891,4083.076823,4230.256307,4090.769131,4650.769117,4017.435799,3973.846057,4290.256305,4599.487067,4167.179385,4494.871685,4071.794772,4538.974248,4345.640919,
288.000000,4456.410147,4078.974259,4228.205025,4090.256310,4633.846041,4015.897338,3969.743493,4282.563998,4596.410144,4171.794770,4491.281941,4070.256311,4539.487068,4342.051176,
289.000000,4455.897327,4083.589644,4228.717845,4082.564003,4650.769117,4023.589645,3979.999903,4287.179382,4602.051170,4174.871693,4494.358864,4075.384516,4545.640914,4345.640919,
290.000000,4450.256301,4079.999900,4228.717845,4077.435798,4672.820399,4027.692209,3988.205031,4302.051177,4612.820400,4174.871693,4494.871685,4079.487080,4541.538350,4342.051176,
291.000000,4444.615276,4078.974259,4229.230666,4079.999900,4658.974245,4027.692209,3987.179390,4305.128100,4617.948605,4187.179385,4495.897326,4079.999900,4544.102453,4333.333227,
292.000000,4436.410148,4078.974259,4218.461435,4072.307593,4636.410143,4024.102466,3981.025544,4285.640921,4601.538349,4182.564000,4484.615275,4069.743490,4537.948607,4321.538356,
293.000000,4440.512712,4087.179387,4214.871692,4072.820413,4658.974245,4029.743491,3983.589646,4285.128100,4599.487067,4163.076821,4479.487070,4065.640926,4531.794761,4324.102458,
294.000000,4447.179378,4088.717849,4220.512717,4077.948618,4667.692194,4029.230671,3982.051185,4299.999895,4611.281939,4161.025539,4484.102454,4069.230670,4532.307581,4330.256304,
295.000000,4447.179378,4082.564003,4224.615281,4076.922977,4644.615271,4023.589645,3979.999903,4296.922972,4607.179375,4175.384513,4486.153736,4072.307593,4532.820402,4330.256304,
296.000000,4452.307583,4088.205028,4228.205025,4085.128105,4653.846040,4030.769132,3987.692210,4292.820408,4604.615272,4178.974257,4491.281941,4073.846054,4535.897325,4334.358868,
297.000000,4436.410148,4074.871695,4209.230666,4070.256311,4658.974245,4030.256312,3979.999903,4288.717844,4601.025529,4154.871693,4473.846044,4059.999901,4517.435787,4320.512715,
298.000000,4435.897327,4076.410157,4205.128102,4070.256311,4653.333220,4034.871696,3988.717851,4301.538356,4611.794759,4162.051180,4473.333224,4057.435798,4516.410146,4319.487074,
299.000000,4447.692199,4086.666567,4215.897333,4089.230669,4647.179374,4032.307594,3993.846056,4309.230664,4618.974246,4181.025539,4488.205018,4059.999901,4524.102453,4326.666561,
300.000000,4434.358866,4074.871695,4211.281948,4077.435798,4643.589630,4018.974261,3974.871698,4292.307587,4599.487067,4163.076821,4475.897326,4051.794773,4509.743479,4316.410151,
301.000000,4437.435789,4083.589644,4219.487076,4072.820413,4651.281938,4025.640927,3980.512723,4293.846049,4600.512708,4163.076821,4474.871685,4058.461439,4516.410146,4321.538356,
302.000000,4441.538353,4081.538362,4218.974256,4071.794772,4632.307579,4021.025543,3985.128108,4299.487074,4607.179375,4170.256308,4477.948608,4058.974260,4517.435787,4320.512715,
303.000000,4442.051173,4071.281952,4213.333230,4072.820413,4631.794759,4017.435799,3982.051185,4295.384510,4605.640913,4166.666565,4479.999890,4059.487080,4515.384505,4316.410151,
304.000000,4450.769122,4083.589644,4222.563999,4082.051182,4667.179373,4033.846055,3990.256313,4292.307587,4607.692195,4175.897334,4485.640916,4069.743490,4533.333222,4328.205022,
305.000000,4433.846045,4075.384516,4213.333230,4068.205029,4649.743476,4027.179389,3981.025544,4282.051177,4591.281939,4164.102462,4469.230660,4058.461439,4517.948607,4317.435792,
306.000000,4428.717840,4071.794772,4207.179384,4067.179388,4633.333220,4031.281953,3987.692210,4291.794767,4596.922965,4161.538360,4469.743480,4058.461439,4508.717838,4313.333228,
307.000000,4449.230660,4093.846054,4219.999897,4089.230669,4659.487066,4050.769132,4012.307594,4314.358869,4625.640913,4181.025539,4493.333223,4073.846054,4536.410145,4330.769125,
308.000000,4438.974250,4079.487080,4212.307589,4078.974259,4642.051169,4028.717850,3994.358877,4304.102459,4612.820400,4164.615283,4483.589634,4063.076824,4532.307581,4321.538356,
309.000000,4431.794763,4067.179388,4207.179384,4069.230670,4629.230656,4015.897338,3981.025544,4297.948613,4601.025529,4157.948616,4473.846044,4058.461439,4518.974248,4317.435792,
310.000000,4436.410148,4073.846054,4212.820410,4076.410157,4645.640912,4031.281953,3989.743492,4294.358869,4600.512708,4162.051180,4477.435788,4060.512721,4517.948607,4321.538356,
311.000000,4430.769122,4068.717849,4208.205025,4073.333234,4639.999887,4029.230671,3985.128108,4285.640921,4592.307580,4148.717847,4473.333224,4056.410157,4511.794761,4312.820407,
312.000000,4438.461430,4076.922977,4212.820410,4074.358875,4646.153733,4024.102466,3987.179390,4304.102459,4609.743477,4167.179385,4486.666557,4067.179388,4524.102453,4322.051176,
313.000000,4443.076814,4085.128105,4218.461435,4075.384516,4657.948604,4028.717850,3993.333236,4315.897330,4622.051169,4190.769128,4491.281941,4074.358875,4528.717838,4328.205022,
314.000000,4437.948609,4075.384516,4215.384512,4068.717849,4639.487066,4030.256312,3992.307595,4307.692202,4610.769118,4179.999898,4474.358865,4068.717849,4515.897325,4316.922971,
315.000000,4434.871686,4060.512721,4208.717846,4058.974260,4618.974246,4022.564004,3989.230672,4303.076818,4604.615272,4164.102462,4469.743480,4063.589644,4507.692197,4309.230664,
316.000000,4435.897327,4066.153747,4212.307589,4063.589644,4641.025528,4025.640927,3993.846056,4307.179382,4609.743477,4169.743488,4482.563993,4064.102465,4513.846043,4316.922971,
317.000000,4435.897327,4075.384516,4214.871692,4074.871695,4662.563989,4031.794773,3994.871697,4301.025536,4607.179375,4167.179385,4482.563993,4062.051183,4519.999889,4318.461433,
318.000000,4430.256302,4069.230670,4207.179384,4074.871695,4650.769117,4032.820414,3990.769133,4293.333228,4596.922965,4154.358873,4470.256301,4056.410157,4513.333223,4310.769125,
319.000000,4433.846045,4073.846054,4210.256307,4072.307593,4648.205015,4038.974260,3996.410159,4301.025536,4606.153734,4165.640924,4480.512711,4064.615285,4510.769120,4316.410151,
320.000000,4429.743481,4071.794772,4209.230666,4064.102465,4653.333220,4032.307594,3993.333236,4298.974254,4611.281939,4176.922975,4481.538352,4068.205029,4512.820402,4313.333228,
321.000000,4431.794763,4067.692208,4210.769128,4073.846054,4651.794758,4032.820414,3993.333236,4298.461433,4611.794759,4177.948616,4474.358865,4069.743490,4528.205017,4312.820407,
322.000000,4421.538353,4057.435798,4205.640923,4072.307593,4629.743477,4029.743491,3985.128108,4293.333228,4597.435785,4154.871693,4464.615275,4064.102465,4514.358864,4302.051177,
323.000000,4409.230661,4055.897337,4199.999897,4056.410157,4628.717836,4025.128107,3977.435800,4288.717844,4588.717837,4147.179386,4457.948609,4065.640926,4489.230659,4293.333228,
324.000000,4435.384507,4083.589644,4220.512717,4075.384516,4667.692194,4039.999901,3999.487082,4307.692202,4616.922964,4190.769128,4482.051172,4088.717849,4524.615274,4321.025535,
325.000000,4437.435789,4077.435798,4221.538358,4074.358875,4649.743476,4028.205030,3993.846056,4301.025536,4610.769118,4184.615282,4483.076813,4084.615285,4536.922966,4325.640920,
326.000000,4431.794763,4068.717849,4214.871692,4063.589644,4620.512708,4018.974261,3983.076826,4293.333228,4598.461426,4154.358873,4475.897326,4073.333234,4522.563992,4320.512715,
327.000000,4446.666558,4081.025541,4222.563999,4077.948618,4645.128092,4035.897337,3996.410159,4307.692202,4615.897323,4173.333231,4487.179377,4077.435798,4530.256299,4330.256304,
328.000000,4441.538353,4071.794772,4218.974256,4078.974259,4656.410143,4035.897337,3992.307595,4299.999895,4612.307580,4178.461436,4473.846044,4072.307593,4523.076812,4323.589638,
329.000000,4445.640917,4081.025541,4223.589640,4084.102464,4654.871681,4035.897337,3994.871697,4294.871690,4609.743477,4172.307590,4474.871685,4081.025541,4523.589633,4328.205022,
330.000000,4451.281942,4095.384515,4226.666563,4089.743490,4658.974245,4039.487081,3998.461441,4300.512715,4614.358862,4181.538359,4492.307582,4089.743490,4531.281940,4334.358868,
331.000000,4443.589635,4086.666567,4220.512717,4084.102464,4662.563989,4035.897337,3992.307595,4301.025536,4613.333221,4182.564000,4492.820403,4084.615285,4529.230658,4322.563997,
332.000000,4441.538353,4081.538362,4218.974256,4085.128105,4666.666553,4037.948619,3993.846056,4301.025536,4617.435785,4174.871693,4484.102454,4081.025541,4526.666556,4317.948612,
333.000000,4429.230661,4071.281952,4207.692205,4074.358875,4654.871681,4033.333235,3987.692210,4289.743485,4606.153734,4162.051180,4466.666557,4074.871695,4513.846043,4310.256305,
334.000000,4431.281943,4074.871695,4212.820410,4074.871695,4657.948604,4037.948619,3992.307595,4292.307587,4604.615272,4174.358872,4474.871685,4086.666567,4523.076812,4315.897330,
335.000000,4452.307583,4092.307592,4229.743486,4090.769131,4672.307578,4046.666568,4004.102466,4308.205023,4624.102451,4197.948615,4496.410146,4104.615284,4545.640914,4333.333227,
336.000000,4444.615276,4079.487080,4217.948615,4078.974259,4648.205015,4033.846055,3989.230672,4299.999895,4611.794759,4182.564000,4481.538352,4093.333233,4529.230658,4323.076817,
337.000000,4449.230660,4081.538362,4220.512717,4089.743490,4651.794758,4038.974260,3995.384518,4303.589638,4611.281939,4180.512718,4483.076813,4093.333233,4529.743479,4327.692202,
338.000000,4458.974250,4090.769131,4229.743486,4103.076823,4674.358860,4048.205029,4006.666569,4312.820407,4627.692195,4188.205026,4496.922967,4097.948618,4541.025530,4338.974253,
339.000000,4438.974250,4071.794772,4215.897333,4077.948618,4655.897322,4032.820414,3988.717851,4297.948613,4615.384503,4168.205026,4482.563993,4088.205028,4522.563992,4325.640920,
340.000000,4454.871686,4084.615285,4227.692204,4087.179387,4658.974245,4035.384517,3998.461441,4303.589638,4621.538349,4182.051180,4493.333223,4106.153746,4542.051171,4340.512714,
341.000000,4471.794762,4099.487079,4238.974255,4105.128105,4673.333219,4042.564004,4007.179389,4306.666561,4629.743477,4200.512718,4508.717838,4118.461438,4558.461427,4352.307586,
342.000000,4454.358865,4089.230669,4227.692204,4094.871695,4668.205014,4040.512722,3992.307595,4290.769126,4617.948605,4188.205026,4499.999890,4107.179387,4536.410145,4337.948612,
343.000000,4443.076814,4084.102464,4221.025538,4085.640926,4654.358861,4035.897337,3983.076826,4283.589639,4609.743477,4172.820411,4487.179377,4101.025541,4529.743479,4325.640920,
344.000000,4448.205019,4086.666567,4221.025538,4087.692208,4656.410143,4037.435799,3987.692210,4293.333228,4614.358862,4179.487077,4483.076813,4105.640925,4547.179376,4327.692202,
345.000000,4455.897327,4095.384515,4224.615281,4095.384515,4681.538347,4050.769132,4001.538364,4309.743484,4631.794759,4202.051179,4498.974249,4111.794771,4565.128093,4342.051176,
346.000000,4441.538353,4079.487080,4213.846051,4081.538362,4666.153732,4045.128106,3998.461441,4304.102459,4623.589631,4190.769128,4493.846044,4100.512720,4547.179376,4332.820407,
347.000000,4438.461430,4066.666567,4211.794769,4076.922977,4648.717835,4039.487081,3996.410159,4298.974254,4612.820400,4181.025539,4480.512711,4098.461438,4534.358863,4325.128099,
348.000000,4454.358865,4081.538362,4228.205025,4096.410156,4669.743476,4047.179388,4002.564005,4308.717843,4624.102451,4198.461436,4494.358864,4115.384515,4549.743478,4342.051176,
349.000000,4466.666557,4096.922977,4238.974255,4111.794771,4682.563988,4050.256311,4006.153748,4321.538356,4643.589630,4216.410153,4516.410146,4130.256309,4564.615273,4356.410150,
350.000000,4464.615275,4089.230669,4233.846050,4105.128105,4668.205014,4044.102465,4000.512723,4318.461433,4644.615271,4212.820410,4511.794761,4128.205027,4558.974247,4348.205022,
351.000000,4451.794763,4077.435798,4224.102461,4089.230669,4662.051168,4039.999901,3991.794774,4296.410151,4622.563990,4187.179385,4493.846044,4117.948617,4549.230658,4334.871689,
352.000000,4454.358865,4089.743490,4228.717845,4098.974259,4671.281937,4045.640927,3995.384518,4287.692203,4613.333221,4179.487077,4496.410146,4119.999899,4558.974247,4337.948612,
353.000000,4453.846045,4089.743490,4223.076820,4103.589643,4665.640912,4042.564004,3989.230672,4290.769126,4607.179375,4182.051180,4486.666557,4116.922976,4548.205017,4332.820407,
354.000000,4469.230660,4102.051182,4229.743486,4111.281951,4685.640911,4050.256311,3998.974261,4307.692202,4618.974246,4196.922974,4489.230659,4125.640925,4549.230658,4345.128099,
355.000000,4481.025531,4113.846053,4238.974255,4114.871694,4702.051167,4052.820414,4012.820415,4312.307587,4630.256297,4205.640923,4504.615274,4135.384514,4561.538350,4360.512714,
356.000000,4457.948609,4086.666567,4224.615281,4096.410156,4667.179373,4036.922978,3998.461441,4295.384510,4611.794759,4176.410154,4493.333223,4121.538361,4540.512709,4341.538355,
357.000000,4464.615275,4092.307592,4232.820409,4108.205028,4672.307578,4048.717850,4005.640928,4312.820407,4628.717836,4181.538359,4501.538351,4128.205027,4552.307581,4346.153740,
358.000000,4469.230660,4099.999900,4234.871691,4108.717848,4689.743475,4052.820414,4006.666569,4318.974253,4645.128092,4209.743487,4503.589633,4135.384514,4563.076811,4348.205022,
359.000000,4451.281942,4084.102464,4222.563999,4095.897336,4673.846040,4045.128106,3995.897338,4300.512715,4632.307579,4214.358871,4487.692198,4129.230668,4544.615273,4334.871689,
360.000000,4458.461429,4090.256310,4232.307589,4107.179387,4674.358860,4053.846055,4004.615287,4307.179382,4637.948605,4211.281948,4499.999890,4137.948617,4553.846042,4343.076817,
361.000000,4456.922968,4085.640926,4232.307589,4099.487079,4675.897322,4042.564004,3993.333236,4298.974254,4628.205015,4194.358872,4497.948608,4137.435796,4555.384504,4339.999894,
362.000000,4452.307583,4082.051182,4225.640922,4094.358874,4681.025527,4035.897337,3986.153749,4285.640921,4612.820400,4188.205026,4489.743480,4133.333232,4544.615273,4332.307586,
363.000000,4456.410147,4084.102464,4223.076820,4099.999900,4682.051168,4044.102465,3998.974261,4301.538356,4622.563990,4186.666564,4495.897326,4133.846053,4546.666555,4334.871689,
364.000000,4446.153737,4072.820413,4215.384512,4090.769131,4665.640912,4041.538363,3999.487082,4307.692202,4622.051169,4175.897334,4483.589634,4124.102463,4541.025530,4328.717843,
365.000000,4442.563994,4075.897336,4215.897333,4093.333233,4666.666553,4043.589645,4002.564005,4299.999895,4616.410144,4187.179385,4474.358865,4124.615284,4535.384504,4327.179381,
366.000000,4445.128096,4077.948618,4220.512717,4098.974259,4670.769117,4041.025542,4003.076825,4296.922972,4615.384503,4189.743487,4481.025531,4130.769130,4533.846043,4328.205022,
367.000000,4449.230660,4074.871695,4226.153743,4096.410156,4670.256296,4037.435799,3996.922979,4300.512715,4615.897323,4182.051180,4490.769121,4137.435796,4537.948607,4333.333227,
368.000000,4457.948609,4085.640926,4233.333230,4105.128105,4675.384501,4046.666568,3998.461441,4303.076818,4620.512708,4190.256308,4495.384505,4148.717847,4549.743478,4344.102458,
369.000000,4448.205019,4083.076823,4225.640922,4104.102464,4671.281937,4044.615286,3996.410159,4301.025536,4621.025528,4189.743487,4487.179377,4148.205027,4543.589632,4337.948612,
370.000000,4443.589635,4075.897336,4226.153743,4093.846054,4673.333219,4038.461440,3999.487082,4308.717843,4627.692195,4190.256308,4491.794762,4153.333232,4544.615273,4337.948612,
371.000000,4450.256301,4077.435798,4229.230666,4091.281951,4678.974245,4039.999901,3995.897338,4311.794766,4632.307579,4199.999897,4502.051172,4161.025539,4555.384504,4341.538355,
372.000000,4446.153737,4075.384516,4222.051179,4093.333233,4675.897322,4038.974260,3984.615287,4304.615279,4627.692195,4195.897333,4499.487069,4153.846052,4549.743478,4332.820407,
373.000000,4447.692199,4079.487080,4222.051179,4099.999900,4678.461424,4043.589645,3993.333236,4302.563997,4630.769118,4192.307590,4499.999890,4149.743488,4552.820401,4337.435791,
374.000000,4446.666558,4073.846054,4216.922974,4093.846054,4672.307578,4041.025542,3993.333236,4292.307587,4622.051169,4189.743487,4487.692198,4146.666565,4550.769119,4336.410150,
375.000000,4448.205019,4069.743490,4216.922974,4092.820413,4668.717835,4036.922978,3989.230672,4292.820408,4617.948605,4194.871692,4484.615275,4148.717847,4549.230658,4334.871689,
376.000000,4457.948609,4086.153746,4229.230666,4107.179387,4670.256296,4039.487081,3996.922979,4299.999895,4621.538349,4200.512718,4503.589633,4157.435796,4561.025529,4346.153740,
377.000000,4460.512711,4090.769131,4231.794768,4107.692207,4664.102450,4036.410158,3991.794774,4291.281946,4609.743477,4193.846051,4503.076813,4158.974257,4561.025529,4349.230663,
378.000000,4468.205019,4086.153746,4235.384512,4105.640925,4675.897322,4036.922978,3987.692210,4292.307587,4611.281939,4197.948615,4498.461428,4163.076821,4564.102452,4352.307586,
379.000000,4466.666557,4086.666567,4230.769127,4102.564002,4681.025527,4035.384517,3990.769133,4296.922972,4617.435785,4189.230667,4497.435787,4159.487078,4564.615273,4346.666560,
380.000000,4465.128096,4099.487079,4224.102461,4105.640925,4671.794758,4038.974260,3997.948620,4298.974254,4617.435785,4184.615282,4499.999890,4156.410155,4567.692196,4347.692201,
381.000000,4478.974249,4107.692207,4228.205025,4111.794771,4669.230655,4039.999901,4001.025543,4301.538356,4621.025528,4204.102461,4509.230659,4162.051180,4582.563991,4358.974252,
382.000000,4487.692198,4105.640925,4233.333230,4110.256310,4667.179373,4032.307594,3995.384518,4294.871690,4617.435785,4199.999897,4511.794761,4165.640924,4593.846042,4362.051175,
383.000000,4495.384505,4118.461438,4237.435794,4118.974258,4667.179373,4032.820414,3993.333236,4291.794767,4616.922964,4188.205026,4519.999889,4168.205026,4602.051170,4369.743483,
384.000000,4494.358864,4119.999899,4231.794768,4118.974258,4661.025527,4033.333235,3989.230672,4290.256305,4614.358862,4193.333231,4520.512710,4162.051180,4594.358862,4369.230662,
385.000000,4498.461428,4119.999899,4235.897332,4120.512720,4677.948604,4042.564004,3997.948620,4299.487074,4618.461426,4198.461436,4519.487069,4166.666565,4591.794760,4367.179380,
386.000000,4503.076813,4130.769130,4247.179383,4127.179386,4693.846039,4047.692209,4006.666569,4313.333228,4627.692195,4188.205026,4522.563992,4178.461436,4595.384503,4368.205021,
387.000000,4494.358864,4131.281950,4245.128101,4121.538361,4676.410142,4037.948619,4000.512723,4312.820407,4628.205015,4192.307590,4519.487069,4177.435795,4588.205016,4365.128098,
388.000000,4495.897326,4132.820412,4243.589640,4124.102463,4679.487065,4042.051183,4001.538364,4311.281946,4630.769118,4216.410153,4520.512710,4178.461436,4588.717837,4366.666560,
389.000000,4489.743480,4123.076822,4237.435794,4117.435797,4679.999886,4041.538363,3995.384518,4299.999895,4617.435785,4204.615282,4508.717838,4175.384513,4577.948606,4357.435791,
390.000000,4488.717839,4119.487079,4238.974255,4113.846053,4670.256296,4038.974260,3995.897338,4298.461433,4613.846041,4188.717846,4512.820402,4177.435795,4569.230657,4356.922970,
391.000000,4497.435787,4122.564002,4244.102460,4122.051181,4686.666552,4043.589645,4007.179389,4309.743484,4627.179374,4195.384513,4527.692197,4180.512718,4570.769119,4364.615278,
392.000000,4490.769121,4113.333233,4239.999896,4121.025540,4696.410142,4045.128106,4002.051184,4306.153741,4621.025528,4189.230667,4511.794761,4172.307590,4563.076811,4355.897329,
393.000000,4489.230659,4121.025540,4247.692204,4128.205027,4686.666552,4051.794773,4001.538364,4305.128100,4626.153733,4196.410154,4508.205018,4175.897334,4571.281939,4356.922970,
394.000000,4481.025531,4118.461438,4248.205024,4125.128104,4673.333219,4047.692209,3999.487082,4301.025536,4627.692195,4195.897333,4516.922966,4179.999898,4562.051170,4355.897329,
395.000000,4473.333224,4109.230669,4241.025537,4119.487079,4681.025527,4047.692209,4000.512723,4298.461433,4620.512708,4178.974257,4514.871684,4177.948616,4543.589632,4350.256304,
396.000000,4476.410147,4114.358874,4243.589640,4120.512720,4690.256296,4053.333234,4006.666569,4306.666561,4628.717836,4190.256308,4511.281941,4178.974257,4553.846042,4351.281945,
397.000000,4465.128096,4103.076823,4238.461435,4106.666566,4672.307578,4038.974260,3998.461441,4305.128100,4627.692195,4199.487077,4501.538351,4175.384513,4555.897324,4341.538355,
398.000000,4461.025532,4097.435797,4238.461435,4107.692207,4662.051168,4037.435799,3999.487082,4303.589638,4626.666554,4195.384513,4505.128095,4176.410154,4553.846042,4341.025535,
399.000000,4462.051173,4101.025541,4239.487076,4115.384515,4664.615271,4042.051183,4001.538364,4304.615279,4626.153733,4186.153744,4506.666556,4176.922975,4549.230658,4343.589637,
400.000000,4464.102455,4104.102464,4239.999896,4116.410156,4676.922963,4039.487081,4002.051184,4304.615279,4626.666554,4187.179385,4503.076813,4175.897334,4547.692196,4343.076817,
